10 0 -334.865 433.068
10 20 -314.886 -0.000
C0000000 0.000 1500.000 3.000 I
C0000004 0.000 1500.000 -47.000 I
C0000006 0.000 1500.000 -38.000 I
C0000007 0.000 1500.000 -13.000 I
C0000008 0.000 1500.000 -39.000 I
C0000010 0.000 1500.000 35.000 I
C0000011 0.000 1500.000 48.000 I
C0000012 0.000 1500.000 32.000 I
C0000014 0.000 1500.000 46.000 I
C0000018 0.000 1500.000 6.000 I
C0000001 0.000 1500.000 7.000 41.000 C
C0000002 0.000 1500.000 30.000 20.000 C
C0000003 0.000 1500.000 -6.000 22.000 C
C0000005 0.000 1500.000 8.000 -16.000 C
C0000009 0.000 1500.000 -24.000 17.000 C
C0000013 0.000 1500.000 9.000 8.000 C
C0000015 0.000 1500.000 44.000 -33.000 C
C0000016 0.000 1500.000 24.000 8.000 C
C0000017 0.000 1500.000 -36.000 6.000 C
C0000019 0.000 1500.000 19.000 -6.000 C
R0000000 > -751.000 -24.000 -20.000 0.000 0.000 -8.000 -47.000 -43.000 -8.000 0.000 0.000 -28.000 -13.000 0.000 -36.000 0.000 -33.000 0.000 0.000 0.000 0.000 
R0000001 > -427.000 -13.000 -33.000 0.000 0.000 0.000 -2.000 -33.000 -24.000 -19.000 -9.000 -19.000 0.000 0.000 0.000 -24.000 -49.000 -39.000 0.000 0.000 -46.000 
R0000002 > -514.000 0.000 0.000 0.000 0.000 0.000 -23.000 -4.000 0.000 0.000 0.000 -40.000 -3.000 -21.000 -2.000 0.000 0.000 -5.000 -43.000 0.000 -43.000 
R0000003 > -747.000 -2.000 -5.000 -20.000 -27.000 0.000 -26.000 -26.000 -13.000 -23.000 -15.000 -16.000 -50.000 -45.000 0.000 -26.000 -30.000 0.000 -33.000 -17.000 -16.000 
R0000004 > -440.000 0.000 0.000 0.000 -27.000 -47.000 -2.000 -13.000 -16.000 -36.000 0.000 0.000 -41.000 0.000 -19.000 -39.000 -15.000 0.000 0.000 -45.000 -30.000 
R0000005 > -436.000 0.000 -6.000 0.000 -7.000 0.000 -20.000 -23.000 -36.000 0.000 0.000 -18.000 0.000 0.000 0.000 -21.000 -6.000 0.000 -18.000 -16.000 0.000 
R0000006 > -1061.000 -26.000 -39.000 -19.000 -39.000 -12.000 -22.000 -39.000 -16.000 -28.000 -18.000 -3.000 -24.000 -15.000 -9.000 -9.000 -44.000 -4.000 -50.000 -42.000 -10.000 
R0000007 > -822.000 -6.000 0.000 -2.000 -17.000 -32.000 -27.000 -44.000 0.000 0.000 -20.000 -28.000 -2.000 -30.000 -30.000 -14.000 0.000 -46.000 -18.000 -31.000 -22.000 
R0000008 > -399.000 -14.000 -19.000 -27.000 -12.000 -9.000 0.000 -3.000 -10.000 -21.000 0.000 -7.000 -50.000 -49.000 0.000 -32.000 -2.000 -47.000 -27.000 -24.000 -49.000 
R0000009 > -275.000 -25.000 0.000 0.000 0.000 -2.000 -23.000 0.000 -34.000 0.000 0.000 -26.000 -24.000 0.000 -25.000 -25.000 0.000 -26.000 0.000 -15.000 0.000 
R0000010 > -832.000 -37.000 -15.000 -44.000 -50.000 -16.000 -44.000 -13.000 -45.000 -31.000 -2.000 -3.000 -9.000 -46.000 -20.000 -24.000 -1.000 -22.000 -6.000 -20.000 -41.000 
R0000011 > -234.000 -7.000 0.000 0.000 -33.000 0.000 -1.000 0.000 -50.000 0.000 -24.000 0.000 0.000 -28.000 0.000 0.000 -40.000 -22.000 0.000 0.000 0.000 
R0000012 > -315.000 -27.000 -5.000 -43.000 -5.000 0.000 -15.000 0.000 0.000 -29.000 -7.000 0.000 -5.000 -41.000 -39.000 -28.000 0.000 0.000 0.000 -19.000 -3.000 
R0000013 > -937.000 -17.000 0.000 -46.000 0.000 -43.000 -18.000 -40.000 -3.000 0.000 -17.000 -30.000 -49.000 -35.000 -39.000 -47.000 -21.000 -11.000 -38.000 -30.000 -18.000 
R0000014 > -770.000 -36.000 -25.000 -23.000 0.000 -50.000 0.000 -30.000 -16.000 0.000 0.000 -3.000 0.000 -21.000 -23.000 0.000 -41.000 -46.000 -50.000 0.000 -49.000 
R0000015 > -273.000 -37.000 -6.000 0.000 -33.000 -20.000 0.000 0.000 -36.000 0.000 -30.000 0.000 -20.000 0.000 0.000 -4.000 0.000 0.000 0.000 -41.000 -26.000 
R0000016 > -588.000 0.000 -5.000 -13.000 -27.000 0.000 -49.000 0.000 -18.000 0.000 -8.000 -30.000 0.000 -7.000 0.000 -9.000 -39.000 -25.000 0.000 -1.000 -25.000 
R0000017 > -570.000 -17.000 -17.000 -7.000 -41.000 -16.000 0.000 0.000 -37.000 -35.000 -3.000 -15.000 -40.000 -46.000 -37.000 -8.000 0.000 0.000 -16.000 -4.000 -2.000 
R0000018 > -860.000 -17.000 0.000 -10.000 -21.000 0.000 -36.000 -47.000 0.000 0.000 -25.000 -49.000 -19.000 0.000 -3.000 -5.000 -28.000 -19.000 -13.000 -50.000 0.000 
R0000019 > -864.000 -23.000 -38.000 -33.000 -9.000 -12.000 -45.000 -17.000 -45.000 -42.000 -19.000 -34.000 -18.000 -36.000 -7.000 -43.000 -32.000 -12.000 -10.000 -35.000 -29.000 
