15 0 -333.387 314.181
5 20 -153.800 -0.000
C0000000 0.000 1500.000 -37.000 I
C0000001 0.000 1500.000 -36.000 I
C0000002 0.000 1500.000 4.000 I
C0000003 0.000 1500.000 -4.000 I
C0000004 0.000 1500.000 44.000 I
C0000005 0.000 1500.000 48.000 I
C0000006 0.000 1500.000 41.000 I
C0000007 0.000 1500.000 36.000 I
C0000010 0.000 1500.000 1.000 I
C0000011 0.000 1500.000 -12.000 I
C0000014 0.000 1500.000 -49.000 I
C0000016 0.000 1500.000 27.000 I
C0000017 0.000 1500.000 -10.000 I
C0000018 0.000 1500.000 7.000 I
C0000019 0.000 1500.000 -3.000 I
C0000008 0.000 1500.000 -9.000 -13.000 C
C0000009 0.000 1500.000 21.000 -36.000 C
C0000012 0.000 1500.000 -39.000 28.000 C
C0000013 0.000 1500.000 14.000 14.000 C
C0000015 0.000 1500.000 32.000 8.000 C
R0000000 > -706.000 0.000 -49.000 -41.000 0.000 -8.000 0.000 -35.000 0.000 -33.000 0.000 0.000 -7.000 0.000 -27.000 -38.000 0.000 0.000 -27.000 -10.000 -45.000 
R0000001 > -492.000 -17.000 -13.000 -31.000 -28.000 -7.000 0.000 0.000 0.000 -32.000 -30.000 0.000 -45.000 -14.000 -6.000 0.000 -19.000 -31.000 0.000 -42.000 0.000 
R0000002 > -524.000 0.000 0.000 0.000 0.000 0.000 -9.000 0.000 -4.000 0.000 -40.000 -34.000 -48.000 -28.000 0.000 -24.000 -20.000 0.000 -5.000 0.000 -18.000 
R0000003 > -45.000 -31.000 -47.000 0.000 0.000 0.000 -23.000 0.000 0.000 0.000 0.000 -6.000 0.000 0.000 -38.000 0.000 0.000 -20.000 0.000 -2.000 0.000 
R0000004 > -585.000 -14.000 0.000 -16.000 -50.000 0.000 0.000 -46.000 -12.000 -14.000 0.000 0.000 -13.000 -13.000 0.000 -16.000 -22.000 -15.000 -29.000 -3.000 0.000 
R0000005 > -412.000 -27.000 -1.000 0.000 -32.000 -39.000 -14.000 -5.000 -32.000 -1.000 -17.000 0.000 -17.000 -14.000 -9.000 -31.000 -32.000 -32.000 -12.000 -5.000 -12.000 
R0000006 > -762.000 -30.000 -36.000 0.000 -5.000 -12.000 -49.000 -39.000 -49.000 -5.000 -47.000 0.000 -43.000 -45.000 -2.000 -36.000 -9.000 -10.000 -4.000 -26.000 -40.000 
R0000007 > -881.000 -50.000 -49.000 -37.000 -28.000 0.000 -6.000 -50.000 -29.000 0.000 0.000 -40.000 0.000 -49.000 0.000 -26.000 -50.000 0.000 -17.000 0.000 -40.000 
R0000008 > -493.000 -41.000 0.000 0.000 0.000 0.000 0.000 0.000 0.000 -40.000 0.000 -7.000 0.000 -32.000 -33.000 -39.000 -24.000 -18.000 -42.000 0.000 -39.000 
R0000009 > -778.000 -7.000 0.000 -47.000 -13.000 0.000 -47.000 -39.000 -21.000 -4.000 -24.000 -30.000 0.000 0.000 0.000 -35.000 -36.000 -20.000 0.000 -50.000 -27.000 
R0000010 > -539.000 -34.000 -27.000 -33.000 -38.000 -8.000 -26.000 -31.000 -27.000 -7.000 -16.000 0.000 -10.000 -46.000 -4.000 -9.000 0.000 0.000 -8.000 -19.000 -35.000 
R0000011 > -313.000 0.000 0.000 0.000 -2.000 -40.000 0.000 -36.000 -11.000 -21.000 0.000 -4.000 -3.000 -16.000 0.000 0.000 -25.000 -46.000 0.000 -6.000 -17.000 
R0000012 > -388.000 -32.000 -49.000 -22.000 -13.000 -32.000 -17.000 -5.000 -7.000 0.000 -48.000 0.000 0.000 -8.000 0.000 0.000 -50.000 -48.000 -30.000 -48.000 -27.000 
R0000013 > -255.000 0.000 0.000 -30.000 -31.000 -19.000 -29.000 -3.000 0.000 0.000 -26.000 0.000 0.000 -34.000 -24.000 -1.000 -24.000 0.000 0.000 0.000 -33.000 
R0000014 > -265.000 0.000 -45.000 -21.000 -4.000 -19.000 -47.000 0.000 -38.000 0.000 0.000 -22.000 0.000 -24.000 -25.000 0.000 -20.000 0.000 -31.000 -11.000 0.000 
R0000015 > -547.000 -17.000 -50.000 -15.000 -46.000 -10.000 -10.000 -3.000 -1.000 -42.000 -45.000 -37.000 -43.000 0.000 0.000 0.000 -9.000 -8.000 -46.000 -8.000 -6.000 
R0000016 > -781.000 -29.000 0.000 -32.000 -2.000 0.000 -43.000 -11.000 -17.000 -23.000 -14.000 -28.000 -48.000 -49.000 -3.000 0.000 -45.000 -41.000 -27.000 -16.000 -41.000 
R0000017 > -672.000 0.000 0.000 -49.000 -7.000 -17.000 -13.000 -35.000 -34.000 0.000 0.000 0.000 -40.000 -20.000 -2.000 0.000 0.000 -41.000 -25.000 0.000 -31.000 
R0000018 > -593.000 -43.000 -41.000 -39.000 -48.000 -28.000 -28.000 -7.000 -35.000 -13.000 -5.000 -6.000 -7.000 -9.000 -5.000 -17.000 -26.000 -50.000 -41.000 -49.000 -22.000 
R0000019 > -825.000 -37.000 -11.000 -6.000 -14.000 -27.000 -7.000 -14.000 -16.000 -44.000 -1.000 -23.000 -41.000 -9.000 -10.000 -42.000 0.000 -21.000 -44.000 -44.000 -48.000 
