10 0 -569.008 747.288
10 20 -530.255 -0.000
C0000001 0.000 1500.000 -29.000 I
C0000002 0.000 1500.000 43.000 I
C0000005 0.000 1500.000 49.000 I
C0000008 0.000 1500.000 19.000 I
C0000011 0.000 1500.000 32.000 I
C0000012 0.000 1500.000 39.000 I
C0000014 0.000 1500.000 34.000 I
C0000015 0.000 1500.000 32.000 I
C0000017 0.000 1500.000 -34.000 I
C0000019 0.000 1500.000 -21.000 I
C0000000 0.000 1500.000 8.000 47.000 C
C0000003 0.000 1500.000 -48.000 -36.000 C
C0000004 0.000 1500.000 45.000 34.000 C
C0000006 0.000 1500.000 41.000 -8.000 C
C0000007 0.000 1500.000 -33.000 -2.000 C
C0000009 0.000 1500.000 -47.000 -7.000 C
C0000010 0.000 1500.000 -22.000 6.000 C
C0000013 0.000 1500.000 40.000 -33.000 C
C0000016 0.000 1500.000 42.000 -31.000 C
C0000018 0.000 1500.000 18.000 26.000 C
R0000000 > -243.000 -3.000 0.000 -1.000 0.000 -5.000 -44.000 0.000 0.000 0.000 -48.000 -35.000 0.000 -30.000 0.000 -20.000 0.000 -10.000 0.000 -19.000 0.000 
R0000001 > -480.000 -32.000 0.000 -19.000 -33.000 -38.000 -33.000 -35.000 0.000 -16.000 -50.000 0.000 0.000 0.000 -4.000 0.000 -39.000 -15.000 0.000 -36.000 0.000 
R0000002 > -599.000 -46.000 -42.000 -18.000 -44.000 0.000 -8.000 -4.000 -7.000 -12.000 -7.000 -39.000 0.000 -17.000 0.000 -49.000 -43.000 -2.000 0.000 0.000 -45.000 
R0000003 > -668.000 -9.000 -34.000 -21.000 -37.000 -28.000 -30.000 -13.000 -30.000 -41.000 -28.000 -6.000 -5.000 -12.000 -5.000 0.000 0.000 -9.000 -49.000 -33.000 -36.000 
R0000004 > -575.000 0.000 0.000 -19.000 -38.000 -23.000 -15.000 -23.000 -37.000 -25.000 -11.000 -9.000 0.000 0.000 0.000 -21.000 -28.000 -43.000 -48.000 0.000 -34.000 
R0000005 > -426.000 0.000 -50.000 -5.000 0.000 0.000 0.000 -39.000 -3.000 0.000 0.000 -41.000 0.000 -31.000 -47.000 -4.000 -43.000 -22.000 0.000 0.000 0.000 
R0000006 > -655.000 -13.000 -4.000 -12.000 -1.000 -42.000 0.000 -10.000 -30.000 -17.000 -27.000 -35.000 0.000 -27.000 -14.000 -18.000 -39.000 -42.000 0.000 -49.000 -1.000 
R0000007 > -704.000 -5.000 -19.000 -20.000 -28.000 -46.000 -12.000 -29.000 -42.000 -6.000 -44.000 -43.000 -48.000 -31.000 -31.000 -34.000 -5.000 -26.000 -30.000 -5.000 -42.000 
R0000008 > -774.000 -5.000 -50.000 -44.000 -24.000 -25.000 0.000 -49.000 -34.000 -24.000 -46.000 -13.000 -31.000 -27.000 -23.000 -34.000 -20.000 -12.000 -17.000 -13.000 0.000 
R0000009 > -537.000 -12.000 -34.000 0.000 -6.000 0.000 -36.000 -24.000 0.000 -43.000 -34.000 -43.000 -29.000 0.000 -31.000 -34.000 0.000 -10.000 0.000 -3.000 -14.000 
R0000010 > -275.000 -28.000 -1.000 -38.000 0.000 -27.000 -22.000 -35.000 -2.000 0.000 -29.000 -32.000 -37.000 -27.000 -33.000 0.000 0.000 -19.000 0.000 0.000 0.000 
R0000011 > -765.000 -45.000 -23.000 -6.000 -15.000 -38.000 -13.000 -17.000 -3.000 -43.000 -11.000 -5.000 -50.000 0.000 -41.000 -35.000 -43.000 -13.000 -21.000 -49.000 -46.000 
R0000012 > -314.000 -10.000 0.000 -46.000 0.000 -9.000 0.000 -1.000 -36.000 -34.000 -50.000 0.000 -36.000 -12.000 -2.000 0.000 0.000 0.000 -19.000 0.000 -12.000 
R0000013 > -234.000 -7.000 -15.000 0.000 0.000 -16.000 0.000 0.000 -1.000 0.000 0.000 0.000 -41.000 -7.000 0.000 0.000 -43.000 0.000 0.000 -27.000 -28.000 
R0000014 > -188.000 0.000 0.000 -12.000 -9.000 -25.000 0.000 -14.000 0.000 -3.000 0.000 -2.000 0.000 0.000 -42.000 0.000 -12.000 -35.000 0.000 -12.000 -48.000 
R0000015 > -343.000 0.000 0.000 -37.000 0.000 -48.000 -44.000 0.000 0.000 0.000 -16.000 0.000 -13.000 -45.000 -13.000 -31.000 -8.000 -28.000 0.000 0.000 0.000 
R0000016 > -503.000 -17.000 -1.000 -14.000 -15.000 -28.000 -23.000 -30.000 0.000 -23.000 0.000 -32.000 -25.000 -26.000 -43.000 -4.000 -5.000 -6.000 -50.000 -12.000 -18.000 
R0000017 > -654.000 -13.000 -9.000 -8.000 -6.000 -22.000 -40.000 -37.000 -9.000 -35.000 0.000 0.000 0.000 -40.000 -40.000 -21.000 -44.000 -48.000 -26.000 -17.000 -27.000 
R0000018 > -320.000 0.000 -23.000 -44.000 -25.000 -7.000 0.000 0.000 -35.000 0.000 0.000 0.000 -30.000 -3.000 0.000 -23.000 0.000 0.000 -8.000 -25.000 0.000 
R0000019 > -534.000 -46.000 -3.000 -10.000 -44.000 -36.000 -10.000 -42.000 0.000 -6.000 -35.000 -27.000 -2.000 -13.000 -10.000 -21.000 -18.000 -44.000 -39.000 0.000 -24.000 
