20 0 -86.677 771.306
10 30 -1210.084 -173.403
C0000000 0.000 300.000 -10.000 I
C0000002 0.000 300.000 21.000 I
C0000003 0.000 300.000 18.000 I
C0000004 0.000 300.000 -28.000 I
C0000007 0.000 300.000 29.000 I
C0000008 0.000 300.000 -2.000 I
C0000009 0.000 300.000 4.000 I
C0000011 0.000 300.000 10.000 I
C0000013 0.000 300.000 28.000 I
C0000015 0.000 300.000 11.000 I
C0000017 0.000 300.000 -11.000 I
C0000020 0.000 300.000 -21.000 I
C0000021 0.000 300.000 -7.000 I
C0000022 0.000 300.000 1.000 I
C0000023 0.000 300.000 -22.000 I
C0000024 0.000 300.000 -20.000 I
C0000025 0.000 300.000 5.000 I
C0000026 0.000 300.000 -23.000 I
C0000028 0.000 300.000 -17.000 I
C0000029 0.000 300.000 -2.000 I
C0000001 0.000 300.000 7.000 -8.000 C
C0000005 0.000 300.000 -19.000 -24.000 C
C0000006 0.000 300.000 -15.000 4.000 C
C0000010 0.000 300.000 -3.000 -16.000 C
C0000012 0.000 300.000 -4.000 -9.000 C
C0000014 0.000 300.000 -14.000 -24.000 C
C0000016 0.000 300.000 21.000 -28.000 C
C0000018 0.000 300.000 26.000 -27.000 C
C0000019 0.000 300.000 12.000 -2.000 C
C0000027 0.000 300.000 -6.000 -13.000 C
R0000000 < -90.000 1.000 0.000 0.000 0.000 0.000 16.000 21.000 0.000 7.000 12.000 -1.000 -17.000 -25.000 0.000 0.000 -12.000 3.000 -5.000 0.000 0.000 0.000 0.000 9.000 0.000 0.000 0.000 0.000 -2.000 0.000 0.000 
R0000001 < -211.000 24.000 0.000 -26.000 0.000 -19.000 0.000 0.000 -12.000 -8.000 -11.000 -18.000 10.000 0.000 0.000 -18.000 5.000 -8.000 4.000 15.000 0.000 14.000 -8.000 -1.000 15.000 0.000 0.000 -22.000 -4.000 0.000 -23.000 
R0000002 < 43.000 0.000 0.000 -6.000 12.000 16.000 0.000 1.000 0.000 0.000 0.000 0.000 17.000 2.000 6.000 0.000 0.000 0.000 14.000 0.000 26.000 20.000 0.000 4.000 -14.000 0.000 0.000 2.000 -29.000 0.000 -28.000 
R0000003 < 316.000 0.000 1.000 0.000 -28.000 0.000 3.000 22.000 -25.000 9.000 -23.000 -12.000 0.000 20.000 0.000 0.000 0.000 -29.000 -21.000 -22.000 29.000 25.000 0.000 0.000 0.000 0.000 -28.000 0.000 30.000 8.000 0.000 
R0000004 < -54.000 0.000 -14.000 -7.000 0.000 -21.000 22.000 0.000 -30.000 -26.000 -17.000 17.000 30.000 1.000 28.000 20.000 -24.000 2.000 -29.000 -19.000 -3.000 0.000 0.000 16.000 0.000 0.000 -12.000 20.000 -17.000 -11.000 0.000 
R0000005 < 7.000 12.000 0.000 20.000 17.000 6.000 -18.000 0.000 -23.000 7.000 -28.000 0.000 29.000 -10.000 -26.000 -13.000 7.000 18.000 -6.000 0.000 25.000 26.000 1.000 23.000 0.000 2.000 -17.000 -20.000 -25.000 6.000 -20.000 
R0000006 < 248.000 -21.000 0.000 -4.000 2.000 -22.000 0.000 2.000 -16.000 25.000 -11.000 -5.000 18.000 0.000 5.000 30.000 4.000 16.000 -2.000 -15.000 24.000 7.000 30.000 -7.000 0.000 -22.000 -22.000 -14.000 -15.000 4.000 27.000 
R0000007 < -282.000 21.000 -17.000 15.000 7.000 -28.000 20.000 17.000 12.000 -19.000 -3.000 -21.000 21.000 0.000 0.000 -25.000 -10.000 -3.000 -7.000 -2.000 5.000 -13.000 0.000 26.000 0.000 -23.000 5.000 1.000 -13.000 -25.000 6.000 
R0000008 < -63.000 13.000 -15.000 -11.000 -2.000 -10.000 -23.000 -22.000 7.000 15.000 -23.000 24.000 22.000 5.000 -26.000 -23.000 -25.000 -10.000 -15.000 8.000 29.000 -25.000 -12.000 -2.000 17.000 0.000 8.000 -28.000 -7.000 -19.000 -19.000 
R0000009 < -144.000 0.000 0.000 21.000 -22.000 -4.000 0.000 -28.000 0.000 0.000 11.000 0.000 7.000 0.000 0.000 0.000 7.000 -13.000 0.000 16.000 0.000 -28.000 0.000 0.000 0.000 0.000 -17.000 0.000 0.000 23.000 0.000 
R0000010 < -174.000 0.000 0.000 0.000 0.000 0.000 -23.000 14.000 0.000 0.000 11.000 14.000 0.000 0.000 4.000 -19.000 24.000 0.000 0.000 30.000 -26.000 2.000 19.000 21.000 0.000 0.000 15.000 -29.000 0.000 0.000 -26.000 
R0000011 < 120.000 0.000 0.000 6.000 -17.000 2.000 -30.000 5.000 0.000 0.000 -17.000 7.000 21.000 0.000 -8.000 0.000 -15.000 6.000 -20.000 -4.000 0.000 0.000 13.000 21.000 20.000 0.000 0.000 0.000 -5.000 0.000 -3.000 
R0000012 < 227.000 0.000 0.000 0.000 0.000 25.000 0.000 0.000 0.000 0.000 23.000 0.000 0.000 26.000 0.000 -3.000 0.000 14.000 11.000 28.000 15.000 0.000 0.000 0.000 0.000 -16.000 0.000 -16.000 0.000 0.000 0.000 
R0000013 < 167.000 2.000 1.000 25.000 17.000 26.000 13.000 3.000 25.000 0.000 1.000 0.000 -2.000 9.000 7.000 10.000 -8.000 -27.000 -9.000 0.000 0.000 -23.000 0.000 -10.000 -13.000 20.000 17.000 27.000 -17.000 17.000 -4.000 
R0000014 < -203.000 21.000 -30.000 -21.000 -8.000 0.000 -28.000 -21.000 -19.000 0.000 -6.000 0.000 0.000 -14.000 4.000 0.000 -11.000 0.000 0.000 0.000 0.000 0.000 23.000 0.000 17.000 -8.000 -25.000 12.000 13.000 11.000 15.000 
R0000015 < -135.000 22.000 25.000 -5.000 -7.000 -12.000 0.000 1.000 19.000 -17.000 0.000 -21.000 0.000 -17.000 4.000 -7.000 11.000 -1.000 0.000 13.000 -10.000 0.000 0.000 -9.000 -25.000 -10.000 0.000 26.000 -10.000 0.000 24.000 
R0000016 < 110.000 -16.000 21.000 -11.000 15.000 -10.000 15.000 -1.000 -30.000 -15.000 1.000 -23.000 18.000 -18.000 -30.000 22.000 13.000 -27.000 5.000 11.000 12.000 -23.000 12.000 -13.000 -21.000 -3.000 10.000 11.000 -5.000 21.000 30.000 
R0000017 < -264.000 0.000 -30.000 -28.000 19.000 0.000 -22.000 -20.000 27.000 -30.000 -2.000 10.000 0.000 -25.000 0.000 -17.000 25.000 13.000 -19.000 -7.000 24.000 0.000 1.000 -14.000 8.000 -1.000 21.000 -5.000 19.000 -7.000 -5.000 
R0000018 < -33.000 20.000 -10.000 0.000 1.000 1.000 2.000 -27.000 -13.000 5.000 1.000 -5.000 0.000 5.000 -10.000 7.000 11.000 0.000 -8.000 22.000 -11.000 0.000 -2.000 -22.000 0.000 1.000 18.000 -19.000 0.000 17.000 -3.000 
R0000019 < -189.000 0.000 -23.000 0.000 -24.000 -3.000 -12.000 0.000 22.000 16.000 -21.000 10.000 0.000 -2.000 26.000 0.000 23.000 2.000 7.000 7.000 26.000 3.000 0.000 19.000 -8.000 -8.000 -16.000 -3.000 -22.000 0.000 -27.000 
R0000020 < 352.000 13.000 0.000 19.000 0.000 19.000 -8.000 26.000 28.000 8.000 -26.000 0.000 6.000 5.000 0.000 -7.000 0.000 0.000 0.000 23.000 0.000 0.000 0.000 0.000 0.000 -8.000 0.000 16.000 28.000 0.000 13.000 
R0000021 < 245.000 9.000 3.000 -25.000 -24.000 -27.000 -12.000 -27.000 15.000 -22.000 19.000 22.000 0.000 24.000 7.000 -4.000 -12.000 11.000 3.000 -7.000 -2.000 12.000 0.000 -25.000 7.000 15.000 20.000 28.000 -14.000 -8.000 29.000 
R0000022 < -308.000 20.000 0.000 26.000 10.000 -8.000 -24.000 30.000 0.000 14.000 6.000 -23.000 -19.000 21.000 -3.000 -30.000 -14.000 0.000 27.000 -10.000 0.000 -28.000 16.000 21.000 1.000 -26.000 -8.000 -12.000 17.000 -15.000 -19.000 
R0000023 < -99.000 10.000 0.000 9.000 0.000 -29.000 0.000 -2.000 0.000 -15.000 0.000 -13.000 -17.000 0.000 19.000 8.000 3.000 0.000 -2.000 -8.000 0.000 -2.000 -28.000 26.000 13.000 27.000 20.000 21.000 -5.000 0.000 0.000 
R0000024 < 365.000 -12.000 0.000 -15.000 18.000 16.000 0.000 -1.000 10.000 26.000 -11.000 0.000 0.000 11.000 21.000 20.000 0.000 0.000 16.000 0.000 22.000 5.000 17.000 -17.000 6.000 6.000 26.000 -30.000 0.000 -26.000 8.000 
R0000025 < 44.000 -18.000 0.000 0.000 11.000 0.000 -10.000 19.000 0.000 0.000 0.000 0.000 -27.000 0.000 -23.000 30.000 10.000 0.000 4.000 24.000 0.000 0.000 0.000 -27.000 0.000 22.000 0.000 0.000 0.000 21.000 0.000 
R0000026 < 353.000 0.000 17.000 -2.000 -20.000 0.000 0.000 0.000 -1.000 28.000 -10.000 19.000 0.000 -4.000 11.000 -26.000 -30.000 5.000 16.000 -30.000 23.000 11.000 0.000 10.000 -14.000 -1.000 21.000 23.000 -9.000 -6.000 0.000 
R0000027 < -138.000 -15.000 0.000 20.000 16.000 0.000 8.000 -6.000 27.000 18.000 0.000 -26.000 -16.000 -24.000 0.000 11.000 -22.000 6.000 -9.000 28.000 -4.000 19.000 0.000 -9.000 -9.000 -8.000 -8.000 16.000 13.000 30.000 0.000 
R0000028 < -132.000 0.000 -19.000 2.000 0.000 14.000 8.000 0.000 15.000 3.000 20.000 -21.000 0.000 0.000 0.000 0.000 0.000 0.000 0.000 0.000 5.000 0.000 18.000 -29.000 0.000 0.000 0.000 0.000 0.000 6.000 -8.000 
R0000029 < 120.000 28.000 23.000 -24.000 0.000 0.000 0.000 0.000 0.000 5.000 8.000 0.000 0.000 -28.000 -1.000 6.000 0.000 0.000 0.000 0.000 0.000 10.000 0.000 26.000 0.000 -12.000 27.000 5.000 0.000 9.000 -18.000 
