25 0 -555.962 -53.937
5 30 25.798 765.147
C0000000 0.000 300.000 5.000 I
C0000001 0.000 300.000 -10.000 I
C0000002 0.000 300.000 -23.000 I
C0000003 0.000 300.000 -29.000 I
C0000005 0.000 300.000 23.000 I
C0000006 0.000 300.000 -14.000 I
C0000007 0.000 300.000 9.000 I
C0000008 0.000 300.000 3.000 I
C0000009 0.000 300.000 -2.000 I
C0000011 0.000 300.000 26.000 I
C0000012 0.000 300.000 24.000 I
C0000013 0.000 300.000 28.000 I
C0000015 0.000 300.000 22.000 I
C0000016 0.000 300.000 6.000 I
C0000017 0.000 300.000 16.000 I
C0000018 0.000 300.000 1.000 I
C0000019 0.000 300.000 -14.000 I
C0000020 0.000 300.000 23.000 I
C0000021 0.000 300.000 24.000 I
C0000023 0.000 300.000 -6.000 I
C0000024 0.000 300.000 -9.000 I
C0000025 0.000 300.000 -3.000 I
C0000026 0.000 300.000 25.000 I
C0000027 0.000 300.000 -17.000 I
C0000028 0.000 300.000 26.000 I
C0000004 0.000 300.000 5.000 29.000 C
C0000010 0.000 300.000 -12.000 12.000 C
C0000014 0.000 300.000 -22.000 19.000 C
C0000022 0.000 300.000 -7.000 21.000 C
C0000029 0.000 300.000 -18.000 -25.000 C
R0000000 < -18.000 0.000 -20.000 -17.000 2.000 5.000 -22.000 0.000 0.000 10.000 -8.000 0.000 0.000 -20.000 0.000 9.000 0.000 0.000 0.000 28.000 0.000 0.000 0.000 13.000 0.000 -27.000 0.000 8.000 0.000 -15.000 20.000 
R0000001 < 270.000 4.000 0.000 18.000 -18.000 28.000 0.000 28.000 -5.000 18.000 -9.000 -1.000 13.000 17.000 -19.000 -30.000 19.000 -1.000 0.000 19.000 -18.000 -2.000 0.000 -8.000 22.000 0.000 0.000 -2.000 20.000 5.000 0.000 
R0000002 < -170.000 19.000 0.000 24.000 0.000 -9.000 -23.000 10.000 -14.000 16.000 -12.000 15.000 -12.000 -8.000 -8.000 -15.000 2.000 9.000 2.000 -30.000 -27.000 -28.000 -8.000 -17.000 2.000 4.000 6.000 22.000 11.000 -30.000 -9.000 
R0000003 < 17.000 -13.000 25.000 27.000 -7.000 -22.000 -18.000 -26.000 27.000 -23.000 -20.000 -9.000 -14.000 4.000 5.000 -28.000 27.000 28.000 17.000 10.000 15.000 0.000 -28.000 30.000 27.000 28.000 27.000 29.000 20.000 17.000 0.000 
R0000004 < 11.000 28.000 11.000 9.000 -4.000 -7.000 -21.000 -19.000 -29.000 0.000 -20.000 18.000 18.000 28.000 25.000 -21.000 26.000 1.000 -5.000 12.000 18.000 17.000 22.000 16.000 -14.000 16.000 -12.000 29.000 -13.000 -30.000 -25.000 
R0000005 < -132.000 -24.000 0.000 19.000 21.000 24.000 19.000 0.000 0.000 -25.000 -9.000 12.000 11.000 -24.000 -25.000 -9.000 -11.000 -6.000 12.000 0.000 -18.000 20.000 -16.000 29.000 10.000 18.000 29.000 0.000 0.000 -21.000 0.000 
R0000006 < 118.000 -1.000 -30.000 0.000 0.000 0.000 22.000 0.000 26.000 -6.000 0.000 0.000 -1.000 -11.000 -15.000 9.000 10.000 22.000 0.000 23.000 -17.000 -7.000 6.000 0.000 -2.000 0.000 0.000 0.000 22.000 0.000 27.000 
R0000007 < -120.000 -14.000 14.000 0.000 0.000 -15.000 28.000 -16.000 26.000 22.000 -11.000 -9.000 0.000 -29.000 13.000 -6.000 16.000 -23.000 4.000 25.000 -16.000 -17.000 -24.000 -5.000 22.000 0.000 0.000 26.000 26.000 -5.000 9.000 
R0000008 < -103.000 -23.000 20.000 -19.000 0.000 0.000 0.000 -8.000 0.000 0.000 6.000 -20.000 0.000 0.000 11.000 0.000 -30.000 0.000 -19.000 0.000 -3.000 -25.000 0.000 -12.000 0.000 0.000 0.000 0.000 0.000 19.000 24.000 
R0000009 < -8.000 -7.000 0.000 -8.000 -21.000 21.000 0.000 -23.000 0.000 19.000 -17.000 -5.000 0.000 0.000 16.000 23.000 -14.000 0.000 -4.000 -14.000 4.000 0.000 0.000 -14.000 -29.000 0.000 24.000 -1.000 -19.000 -15.000 0.000 
R0000010 < -231.000 27.000 29.000 -24.000 0.000 19.000 3.000 -15.000 -15.000 0.000 0.000 17.000 -30.000 1.000 -7.000 -10.000 -28.000 -25.000 -26.000 -4.000 -27.000 13.000 11.000 12.000 6.000 -5.000 -21.000 -10.000 10.000 6.000 -20.000 
R0000011 < 121.000 0.000 14.000 -25.000 30.000 -11.000 0.000 1.000 0.000 0.000 12.000 21.000 -27.000 -15.000 10.000 0.000 12.000 0.000 0.000 3.000 4.000 0.000 24.000 20.000 -17.000 -25.000 -16.000 2.000 3.000 7.000 29.000 
R0000012 < -176.000 -13.000 0.000 13.000 5.000 0.000 -9.000 0.000 -6.000 -30.000 17.000 9.000 -27.000 23.000 -2.000 -4.000 -28.000 -10.000 30.000 -13.000 -4.000 8.000 -24.000 -23.000 5.000 -24.000 30.000 -15.000 -30.000 -3.000 21.000 
R0000013 < -36.000 21.000 8.000 0.000 0.000 0.000 -8.000 4.000 20.000 -20.000 -12.000 0.000 0.000 0.000 0.000 10.000 3.000 0.000 -21.000 0.000 0.000 0.000 -5.000 1.000 0.000 2.000 -10.000 0.000 0.000 0.000 0.000 
R0000014 < -245.000 6.000 1.000 0.000 12.000 -15.000 -9.000 0.000 23.000 0.000 1.000 5.000 9.000 -9.000 -21.000 1.000 -13.000 -4.000 0.000 0.000 -12.000 -8.000 -21.000 -17.000 -2.000 28.000 -1.000 -25.000 -8.000 -30.000 27.000 
R0000015 < -179.000 27.000 0.000 18.000 9.000 -1.000 0.000 -27.000 18.000 0.000 2.000 7.000 26.000 -3.000 0.000 -14.000 7.000 0.000 9.000 0.000 -12.000 24.000 -15.000 12.000 0.000 10.000 -26.000 -4.000 0.000 -12.000 -12.000 
R0000016 < 452.000 2.000 26.000 13.000 10.000 0.000 23.000 -15.000 24.000 21.000 0.000 -25.000 -3.000 9.000 -30.000 17.000 22.000 23.000 0.000 -20.000 10.000 9.000 23.000 0.000 0.000 29.000 12.000 0.000 23.000 6.000 -15.000 
R0000017 < -111.000 10.000 29.000 0.000 0.000 0.000 -8.000 -28.000 -10.000 0.000 -22.000 2.000 11.000 -30.000 -5.000 18.000 20.000 28.000 0.000 6.000 0.000 -26.000 -3.000 0.000 -25.000 7.000 -26.000 14.000 -2.000 -3.000 18.000 
R0000018 < 71.000 26.000 0.000 -26.000 4.000 28.000 -14.000 0.000 23.000 0.000 16.000 0.000 -21.000 0.000 -12.000 0.000 0.000 0.000 0.000 0.000 0.000 23.000 -7.000 17.000 18.000 12.000 0.000 0.000 0.000 -27.000 11.000 
R0000019 < -66.000 14.000 -13.000 -3.000 0.000 7.000 -6.000 -2.000 -14.000 7.000 -20.000 -15.000 -26.000 14.000 0.000 29.000 -26.000 25.000 20.000 12.000 -24.000 -23.000 -16.000 -10.000 -12.000 19.000 -4.000 11.000 0.000 -16.000 30.000 
R0000020 < -32.000 24.000 7.000 -6.000 0.000 0.000 0.000 19.000 0.000 -24.000 24.000 24.000 0.000 17.000 -18.000 -11.000 -22.000 0.000 -25.000 -5.000 -9.000 1.000 18.000 0.000 -3.000 26.000 0.000 -30.000 0.000 -3.000 11.000 
R0000021 < -2.000 0.000 -29.000 -18.000 -17.000 12.000 26.000 0.000 3.000 -24.000 2.000 29.000 17.000 -5.000 4.000 20.000 28.000 -8.000 -16.000 17.000 1.000 26.000 0.000 20.000 25.000 0.000 -19.000 16.000 0.000 -25.000 0.000 
R0000022 < 171.000 0.000 0.000 0.000 0.000 -2.000 -25.000 -10.000 0.000 0.000 30.000 0.000 0.000 0.000 0.000 0.000 28.000 0.000 27.000 0.000 0.000 -16.000 22.000 25.000 4.000 0.000 20.000 -11.000 -24.000 -1.000 0.000 
R0000023 < -135.000 -26.000 25.000 0.000 -20.000 -13.000 22.000 3.000 -25.000 16.000 26.000 -18.000 0.000 -10.000 0.000 -6.000 -28.000 -13.000 -5.000 0.000 -17.000 19.000 -10.000 12.000 0.000 15.000 27.000 0.000 19.000 5.000 10.000 
R0000024 < 76.000 0.000 -27.000 23.000 -14.000 12.000 -11.000 -22.000 2.000 -1.000 18.000 0.000 7.000 -10.000 3.000 -6.000 22.000 -12.000 6.000 21.000 -18.000 -10.000 0.000 8.000 19.000 -24.000 14.000 -13.000 -3.000 -2.000 19.000 
R0000025 < 78.000 -2.000 -5.000 0.000 12.000 -18.000 0.000 -25.000 -24.000 8.000 -26.000 0.000 0.000 14.000 -26.000 0.000 28.000 0.000 -7.000 0.000 0.000 -16.000 -20.000 -2.000 29.000 0.000 1.000 0.000 20.000 17.000 0.000 
R0000026 < -102.000 -26.000 25.000 0.000 10.000 0.000 25.000 7.000 0.000 0.000 16.000 0.000 0.000 -17.000 23.000 28.000 14.000 0.000 0.000 0.000 0.000 0.000 -22.000 -25.000 -15.000 0.000 0.000 0.000 -29.000 0.000 -23.000 
R0000027 < -24.000 14.000 0.000 -6.000 6.000 -28.000 22.000 15.000 1.000 26.000 -2.000 12.000 -6.000 -17.000 23.000 19.000 -10.000 16.000 -4.000 0.000 25.000 0.000 17.000 -8.000 -28.000 -8.000 27.000 -3.000 -20.000 -18.000 -22.000 
R0000028 < 166.000 16.000 23.000 19.000 -11.000 0.000 -2.000 -16.000 29.000 -11.000 -11.000 -2.000 9.000 19.000 -5.000 0.000 25.000 0.000 21.000 -11.000 0.000 -19.000 -5.000 0.000 -18.000 -27.000 0.000 -24.000 0.000 12.000 6.000 
R0000029 < -185.000 0.000 21.000 10.000 20.000 -3.000 16.000 -25.000 -11.000 3.000 20.000 0.000 0.000 -30.000 -26.000 16.000 -13.000 -20.000 17.000 -5.000 30.000 3.000 6.000 -24.000 -24.000 -24.000 -8.000 0.000 -23.000 -15.000 -23.000 
