5 0 -247.165 56.791
10 20 -328.325 -0.000
C0000003 0.000 1500.000 -39.000 I
C0000005 0.000 1500.000 -29.000 I
C0000006 0.000 1500.000 -24.000 I
C0000009 0.000 1500.000 36.000 I
C0000011 0.000 1500.000 -13.000 I
C0000000 0.000 1500.000 -32.000 46.000 C
C0000001 0.000 1500.000 13.000 7.000 C
C0000002 0.000 1500.000 37.000 35.000 C
C0000004 0.000 1500.000 -40.000 39.000 C
C0000007 0.000 1500.000 -27.000 -46.000 C
C0000008 0.000 1500.000 -7.000 -30.000 C
C0000010 0.000 1500.000 -34.000 -30.000 C
C0000012 0.000 1500.000 -2.000 40.000 C
C0000013 0.000 1500.000 -35.000 -10.000 C
C0000014 0.000 1500.000 -32.000 -7.000 C
R0000000 > -429.000 -7.000 -22.000 0.000 0.000 -50.000 -16.000 0.000 -24.000 0.000 -27.000 -22.000 0.000 -41.000 -24.000 0.000 
R0000001 > -408.000 0.000 -13.000 -1.000 0.000 0.000 -9.000 -50.000 -32.000 -13.000 -40.000 -29.000 -35.000 0.000 -30.000 -12.000 
R0000002 > -255.000 -45.000 0.000 -5.000 0.000 0.000 -43.000 -15.000 -12.000 0.000 -42.000 0.000 0.000 -25.000 0.000 0.000 
R0000003 > -628.000 0.000 -49.000 -25.000 -22.000 -49.000 0.000 -36.000 -32.000 -21.000 -35.000 -50.000 -10.000 -49.000 -36.000 0.000 
R0000004 > -297.000 -29.000 -11.000 0.000 -22.000 -17.000 -11.000 -25.000 -24.000 0.000 -13.000 -36.000 -15.000 -46.000 -29.000 -8.000 
R0000005 > -241.000 0.000 0.000 0.000 -35.000 0.000 -3.000 0.000 0.000 -22.000 -35.000 -33.000 0.000 0.000 -21.000 0.000 
R0000006 > -186.000 0.000 0.000 -44.000 -39.000 -18.000 0.000 -18.000 -12.000 -34.000 0.000 -21.000 -28.000 -19.000 -40.000 0.000 
R0000007 > -258.000 -40.000 0.000 -4.000 -29.000 -24.000 -18.000 -34.000 0.000 -11.000 0.000 -18.000 -1.000 -14.000 -7.000 -47.000 
R0000008 > -290.000 -48.000 -7.000 -36.000 -22.000 -10.000 -46.000 -24.000 -13.000 -20.000 -32.000 -4.000 -5.000 -46.000 -43.000 -16.000 
R0000009 > -250.000 0.000 -40.000 0.000 -19.000 0.000 -38.000 0.000 0.000 0.000 -50.000 0.000 -44.000 -21.000 0.000 -15.000 
R0000010 > -70.000 -22.000 0.000 -26.000 0.000 -14.000 -29.000 0.000 -18.000 0.000 0.000 0.000 -32.000 -42.000 0.000 -24.000 
R0000011 > -309.000 -23.000 -20.000 -37.000 -19.000 -12.000 -45.000 -6.000 -15.000 -50.000 -31.000 -38.000 -19.000 -40.000 -50.000 -11.000 
R0000012 > -410.000 -47.000 -43.000 -29.000 -33.000 -27.000 -36.000 -15.000 -4.000 -50.000 -46.000 0.000 0.000 -7.000 -38.000 -37.000 
R0000013 > -156.000 0.000 -26.000 -28.000 -41.000 0.000 -44.000 -36.000 -15.000 -13.000 -4.000 -14.000 -36.000 0.000 -31.000 -39.000 
R0000014 > -170.000 0.000 0.000 -50.000 0.000 -28.000 0.000 0.000 -16.000 0.000 0.000 -15.000 -29.000 0.000 0.000 0.000 
R0000015 > -456.000 -1.000 -3.000 -33.000 -30.000 -30.000 -35.000 -34.000 -37.000 0.000 -40.000 -2.000 -11.000 -2.000 0.000 -30.000 
R0000016 > -204.000 -10.000 0.000 0.000 0.000 0.000 -38.000 -23.000 0.000 -42.000 -27.000 0.000 -9.000 -3.000 -21.000 -24.000 
R0000017 > -290.000 -22.000 -48.000 -12.000 -46.000 -31.000 -43.000 -45.000 0.000 -20.000 0.000 0.000 -44.000 -48.000 -3.000 -4.000 
R0000018 > -380.000 0.000 -6.000 -46.000 -27.000 -35.000 -13.000 0.000 0.000 -18.000 -41.000 0.000 -43.000 0.000 -7.000 -41.000 
R0000019 > -66.000 -3.000 0.000 -12.000 0.000 0.000 0.000 -22.000 -43.000 -35.000 0.000 0.000 0.000 0.000 -50.000 -45.000 
