15 0 -524.816 238.476
5 20 -196.667 -0.000
C0000000 0.000 1500.000 -7.000 I
C0000001 0.000 1500.000 -21.000 I
C0000003 0.000 1500.000 43.000 I
C0000005 0.000 1500.000 -1.000 I
C0000006 0.000 1500.000 44.000 I
C0000008 0.000 1500.000 -6.000 I
C0000009 0.000 1500.000 7.000 I
C0000010 0.000 1500.000 14.000 I
C0000011 0.000 1500.000 36.000 I
C0000013 0.000 1500.000 -18.000 I
C0000014 0.000 1500.000 -19.000 I
C0000015 0.000 1500.000 28.000 I
C0000016 0.000 1500.000 -37.000 I
C0000017 0.000 1500.000 17.000 I
C0000019 0.000 1500.000 36.000 I
C0000002 0.000 1500.000 32.000 -6.000 C
C0000004 0.000 1500.000 -30.000 -28.000 C
C0000007 0.000 1500.000 -31.000 -40.000 C
C0000012 0.000 1500.000 -41.000 7.000 C
C0000018 0.000 1500.000 -22.000 20.000 C
R0000000 > -670.000 -44.000 -18.000 -12.000 -39.000 -40.000 -26.000 -16.000 -4.000 0.000 -13.000 -14.000 -41.000 -45.000 -31.000 -46.000 -9.000 -7.000 -19.000 -10.000 -4.000 
R0000001 > -286.000 0.000 0.000 0.000 0.000 0.000 -35.000 0.000 0.000 -25.000 -15.000 -33.000 0.000 0.000 0.000 -37.000 0.000 0.000 -15.000 -25.000 -32.000 
R0000002 > -298.000 0.000 0.000 -12.000 0.000 -20.000 -14.000 -36.000 -20.000 0.000 -15.000 -17.000 0.000 -7.000 -11.000 -38.000 0.000 -40.000 -38.000 0.000 0.000 
R0000003 > -418.000 -47.000 -35.000 0.000 0.000 0.000 -4.000 0.000 -12.000 -15.000 -24.000 -36.000 -26.000 -39.000 -15.000 -1.000 -9.000 0.000 -16.000 -39.000 -21.000 
R0000004 > -451.000 -40.000 0.000 -6.000 -44.000 -15.000 -9.000 -30.000 0.000 0.000 -5.000 -21.000 -35.000 -11.000 -50.000 -28.000 -4.000 -46.000 -7.000 0.000 -35.000 
R0000005 > -672.000 -22.000 0.000 -2.000 0.000 -29.000 -37.000 -31.000 -28.000 0.000 -33.000 -6.000 -14.000 -43.000 -10.000 -1.000 -47.000 -2.000 -42.000 -43.000 -2.000 
R0000006 > -562.000 0.000 -32.000 -30.000 -13.000 -22.000 -16.000 0.000 0.000 -36.000 0.000 0.000 -48.000 -17.000 0.000 -18.000 -39.000 0.000 -37.000 0.000 -35.000 
R0000007 > -586.000 -9.000 -40.000 -24.000 -45.000 -8.000 -47.000 -2.000 -46.000 -12.000 -27.000 -25.000 -39.000 0.000 0.000 -19.000 -8.000 -44.000 -4.000 0.000 -31.000 
R0000008 > -155.000 0.000 -41.000 0.000 -22.000 -2.000 0.000 -17.000 -50.000 -34.000 -46.000 -8.000 0.000 0.000 0.000 -10.000 -14.000 -34.000 -3.000 0.000 0.000 
R0000009 > -416.000 -48.000 0.000 0.000 -28.000 -17.000 0.000 -32.000 0.000 -22.000 -7.000 -31.000 0.000 -23.000 -2.000 0.000 0.000 -17.000 -35.000 0.000 -27.000 
R0000010 > -236.000 -8.000 0.000 0.000 -2.000 0.000 -16.000 -9.000 -33.000 0.000 -41.000 0.000 0.000 -13.000 -46.000 0.000 -17.000 -43.000 -48.000 0.000 0.000 
R0000011 > -713.000 -35.000 -31.000 -15.000 -24.000 -49.000 0.000 -42.000 -30.000 0.000 -33.000 -3.000 -46.000 -45.000 0.000 -1.000 -44.000 -7.000 -1.000 -2.000 -5.000 
R0000012 > -337.000 -33.000 -43.000 0.000 -32.000 -34.000 0.000 0.000 -36.000 -29.000 0.000 0.000 0.000 0.000 0.000 -37.000 -3.000 0.000 -34.000 0.000 -29.000 
R0000013 > -363.000 0.000 -33.000 0.000 -31.000 -15.000 -43.000 -1.000 -21.000 0.000 -4.000 -30.000 -15.000 0.000 -35.000 0.000 -32.000 0.000 -12.000 0.000 0.000 
R0000014 > -595.000 -9.000 0.000 -31.000 -2.000 -20.000 0.000 -49.000 -23.000 -33.000 -16.000 0.000 0.000 -30.000 0.000 -30.000 -22.000 -3.000 -14.000 0.000 -35.000 
R0000015 > -269.000 0.000 -15.000 0.000 -34.000 -35.000 0.000 -16.000 0.000 0.000 -45.000 0.000 -30.000 0.000 -32.000 0.000 0.000 -29.000 -27.000 0.000 -24.000 
R0000016 > -534.000 -20.000 0.000 -12.000 -16.000 -11.000 -23.000 -34.000 -7.000 -42.000 0.000 0.000 -46.000 -34.000 -12.000 0.000 -21.000 -8.000 -50.000 -32.000 -18.000 
R0000017 > -901.000 -46.000 -10.000 -44.000 -44.000 -1.000 -43.000 -39.000 -46.000 -40.000 -13.000 -38.000 -10.000 -8.000 -14.000 -15.000 -34.000 -27.000 -44.000 -46.000 -44.000 
R0000018 > -313.000 0.000 -20.000 0.000 -18.000 0.000 0.000 -43.000 -4.000 -31.000 0.000 0.000 -33.000 -27.000 0.000 0.000 -42.000 -23.000 -7.000 -29.000 -14.000 
R0000019 > -490.000 -45.000 -9.000 0.000 -28.000 -24.000 0.000 -32.000 -4.000 -7.000 -9.000 0.000 0.000 -41.000 -37.000 0.000 -39.000 0.000 -7.000 0.000 0.000 
