5 0 -707.554 546.408
15 20 -990.591 -9.133
C0000012 0.000 1500.000 -28.000 I
C0000013 0.000 1500.000 -31.000 I
C0000014 0.000 1500.000 -36.000 I
C0000015 0.000 1500.000 48.000 I
C0000018 0.000 1500.000 24.000 I
C0000000 0.000 1500.000 -4.000 41.000 C
C0000001 0.000 1500.000 -9.000 11.000 C
C0000002 0.000 1500.000 -12.000 -43.000 C
C0000003 0.000 1500.000 24.000 -39.000 C
C0000004 0.000 1500.000 8.000 9.000 C
C0000005 0.000 1500.000 -47.000 34.000 C
C0000006 0.000 1500.000 40.000 -12.000 C
C0000007 0.000 1500.000 -27.000 -29.000 C
C0000008 0.000 1500.000 -3.000 26.000 C
C0000009 0.000 1500.000 -48.000 36.000 C
C0000010 0.000 1500.000 -23.000 -44.000 C
C0000011 0.000 1500.000 -24.000 -46.000 C
C0000016 0.000 1500.000 -22.000 -14.000 C
C0000017 0.000 1500.000 12.000 -25.000 C
C0000019 0.000 1500.000 -15.000 27.000 C
R0000000 > -720.000 -30.000 0.000 0.000 -43.000 -44.000 -19.000 -30.000 -2.000 -41.000 -23.000 -41.000 -12.000 -1.000 -21.000 -23.000 0.000 0.000 -13.000 -37.000 -15.000 
R0000001 > -339.000 -35.000 -43.000 -36.000 0.000 0.000 0.000 -13.000 -9.000 0.000 -25.000 0.000 -8.000 -44.000 -33.000 -50.000 -47.000 0.000 -36.000 -37.000 -1.000 
R0000002 > -772.000 -36.000 -27.000 0.000 -42.000 -35.000 -41.000 0.000 0.000 0.000 -17.000 -39.000 -7.000 -19.000 -43.000 -21.000 -42.000 -47.000 0.000 -49.000 -2.000 
R0000003 > -436.000 -46.000 -39.000 -31.000 0.000 -50.000 -36.000 0.000 0.000 -28.000 -5.000 0.000 -21.000 -30.000 -46.000 -9.000 -1.000 -37.000 0.000 0.000 0.000 
R0000004 > -706.000 -6.000 -45.000 -10.000 -10.000 -2.000 -28.000 -4.000 -34.000 -3.000 -29.000 -1.000 -11.000 -4.000 -34.000 -21.000 -48.000 -1.000 -40.000 -5.000 -47.000 
R0000005 > -830.000 -14.000 -26.000 -14.000 -42.000 -48.000 -5.000 0.000 -37.000 0.000 -26.000 -44.000 -29.000 -29.000 0.000 0.000 -16.000 -8.000 -25.000 -27.000 -46.000 
R0000006 > -385.000 -50.000 -8.000 -49.000 0.000 0.000 -42.000 -5.000 -3.000 -36.000 0.000 -35.000 0.000 0.000 0.000 -32.000 0.000 -1.000 0.000 0.000 -39.000 
R0000007 > -523.000 0.000 -19.000 0.000 0.000 -29.000 0.000 -36.000 0.000 -33.000 -29.000 -20.000 0.000 -15.000 0.000 0.000 -30.000 0.000 0.000 -24.000 -8.000 
R0000008 > -721.000 -12.000 -13.000 0.000 -23.000 -3.000 -16.000 -20.000 -6.000 -25.000 -47.000 -3.000 -24.000 0.000 -19.000 -13.000 -35.000 -15.000 -22.000 -22.000 -27.000 
R0000009 > -1003.000 -46.000 -41.000 -20.000 -19.000 -42.000 -37.000 -33.000 -26.000 -12.000 -7.000 -44.000 -16.000 -16.000 -26.000 -7.000 -40.000 -20.000 -45.000 -9.000 -35.000 
R0000010 > -340.000 -44.000 0.000 -38.000 0.000 -27.000 -24.000 0.000 -5.000 0.000 0.000 0.000 -33.000 -36.000 -18.000 0.000 -27.000 0.000 0.000 -17.000 0.000 
R0000011 > -239.000 -46.000 -1.000 -44.000 0.000 -12.000 0.000 0.000 0.000 0.000 -22.000 -38.000 0.000 0.000 0.000 -19.000 -8.000 -6.000 0.000 0.000 -29.000 
R0000012 > -585.000 -8.000 0.000 -18.000 0.000 0.000 0.000 -20.000 -28.000 -42.000 -28.000 -34.000 -37.000 0.000 -29.000 -28.000 -50.000 -7.000 -2.000 0.000 0.000 
R0000013 > -521.000 0.000 0.000 0.000 -10.000 0.000 -42.000 -2.000 -13.000 0.000 -42.000 -10.000 0.000 -22.000 0.000 -9.000 -12.000 -22.000 0.000 0.000 -45.000 
R0000014 > -678.000 -24.000 -48.000 -12.000 -24.000 -20.000 -38.000 -18.000 -44.000 -17.000 -44.000 -14.000 0.000 -22.000 -1.000 -43.000 -18.000 -15.000 -7.000 -17.000 -15.000 
R0000015 > -896.000 -3.000 -28.000 -16.000 -39.000 -12.000 0.000 -41.000 -3.000 -17.000 0.000 -8.000 -44.000 -37.000 -32.000 -11.000 -43.000 -4.000 -42.000 -4.000 -21.000 
R0000016 > -414.000 -35.000 0.000 0.000 -24.000 0.000 -48.000 -30.000 0.000 0.000 -33.000 -6.000 -24.000 0.000 -19.000 -38.000 0.000 0.000 -8.000 -27.000 0.000 
R0000017 > -691.000 0.000 -2.000 -34.000 -10.000 -9.000 -45.000 -21.000 -31.000 -32.000 -16.000 -4.000 -22.000 -9.000 -18.000 0.000 -7.000 -8.000 -9.000 0.000 -38.000 
R0000018 > -753.000 -19.000 -45.000 -13.000 -9.000 -21.000 -39.000 0.000 -38.000 -30.000 -12.000 -12.000 -28.000 -11.000 0.000 -11.000 -26.000 -45.000 -48.000 -9.000 -22.000 
R0000019 > -546.000 -7.000 -4.000 -41.000 -13.000 -19.000 -6.000 -14.000 -46.000 -34.000 0.000 -10.000 -14.000 -45.000 -30.000 -11.000 -9.000 -3.000 -22.000 0.000 -20.000 
