10 0 -984.068 1098.958
10 20 -1292.398 -0.000
C0000002 0.000 1500.000 -23.000 I
C0000005 0.000 1500.000 -17.000 I
C0000006 0.000 1500.000 -23.000 I
C0000007 0.000 1500.000 -10.000 I
C0000010 0.000 1500.000 -22.000 I
C0000011 0.000 1500.000 1.000 I
C0000012 0.000 1500.000 -10.000 I
C0000013 0.000 1500.000 28.000 I
C0000014 0.000 1500.000 -1.000 I
C0000015 0.000 1500.000 -31.000 I
C0000000 0.000 1500.000 -12.000 -48.000 C
C0000001 0.000 1500.000 9.000 -10.000 C
C0000003 0.000 1500.000 48.000 -40.000 C
C0000004 0.000 1500.000 -47.000 -20.000 C
C0000008 0.000 1500.000 -21.000 -26.000 C
C0000009 0.000 1500.000 -33.000 25.000 C
C0000016 0.000 1500.000 -22.000 20.000 C
C0000017 0.000 1500.000 44.000 -43.000 C
C0000018 0.000 1500.000 46.000 13.000 C
C0000019 0.000 1500.000 -15.000 30.000 C
R0000000 > -849.000 -17.000 -13.000 -20.000 -33.000 -32.000 -7.000 -45.000 0.000 -22.000 -23.000 -22.000 -5.000 -28.000 0.000 -35.000 -42.000 -38.000 0.000 -45.000 -35.000 
R0000001 > -808.000 -15.000 -25.000 -28.000 -4.000 -15.000 -38.000 -10.000 -19.000 -41.000 -27.000 -28.000 -2.000 -18.000 -28.000 -5.000 -17.000 -4.000 -16.000 -44.000 -19.000 
R0000002 > -743.000 -15.000 -23.000 -28.000 -28.000 -49.000 -20.000 -29.000 0.000 -34.000 -11.000 -16.000 -19.000 -14.000 -18.000 -33.000 -6.000 -14.000 0.000 -6.000 -7.000 
R0000003 > -342.000 0.000 -3.000 -48.000 -24.000 0.000 0.000 -37.000 0.000 -17.000 -2.000 0.000 -47.000 0.000 0.000 0.000 0.000 -14.000 -29.000 -8.000 -3.000 
R0000004 > -773.000 0.000 -34.000 0.000 -46.000 -19.000 -20.000 -13.000 0.000 -22.000 0.000 0.000 0.000 0.000 0.000 0.000 0.000 -35.000 -42.000 -31.000 -39.000 
R0000005 > -516.000 -15.000 0.000 -25.000 -6.000 0.000 0.000 -18.000 0.000 -5.000 -27.000 -15.000 0.000 -17.000 -46.000 -37.000 0.000 0.000 -14.000 -11.000 0.000 
R0000006 > -775.000 -22.000 -41.000 -7.000 0.000 -39.000 0.000 -22.000 -48.000 -12.000 0.000 0.000 0.000 0.000 -26.000 -7.000 -48.000 -7.000 -8.000 -37.000 -47.000 
R0000007 > -1122.000 0.000 -3.000 0.000 -44.000 -3.000 -19.000 0.000 -23.000 0.000 -10.000 0.000 0.000 -7.000 -37.000 0.000 -33.000 -42.000 -44.000 -28.000 -44.000 
R0000008 > -911.000 0.000 -8.000 -34.000 -22.000 -4.000 0.000 0.000 -16.000 -41.000 -25.000 0.000 -27.000 -35.000 -22.000 -43.000 -45.000 -11.000 -30.000 -29.000 -7.000 
R0000009 > -785.000 -45.000 0.000 -24.000 -3.000 -31.000 -27.000 0.000 -28.000 -15.000 -12.000 0.000 -18.000 -32.000 -21.000 -2.000 -19.000 -31.000 -11.000 -14.000 -15.000 
R0000010 > -960.000 -48.000 -6.000 -37.000 -6.000 -35.000 -39.000 -46.000 -48.000 -13.000 -11.000 -18.000 -43.000 -50.000 -1.000 -9.000 -42.000 -33.000 -12.000 -48.000 -43.000 
R0000011 > -891.000 0.000 -41.000 -15.000 0.000 -17.000 -45.000 0.000 -35.000 -32.000 0.000 -11.000 -21.000 -45.000 -17.000 -25.000 -31.000 -5.000 -39.000 -4.000 0.000 
R0000012 > -738.000 -25.000 -47.000 0.000 0.000 -38.000 -21.000 -12.000 -10.000 -49.000 -34.000 -19.000 -38.000 -44.000 0.000 -36.000 -36.000 0.000 0.000 0.000 -22.000 
R0000013 > -645.000 -37.000 0.000 -43.000 0.000 -5.000 -2.000 -18.000 -17.000 0.000 -30.000 0.000 -48.000 -41.000 -32.000 -13.000 -45.000 -6.000 -10.000 -50.000 -6.000 
R0000014 > -639.000 -42.000 -42.000 -16.000 -12.000 -47.000 -3.000 -19.000 0.000 -5.000 -19.000 -23.000 -1.000 -42.000 -10.000 -8.000 -6.000 -14.000 -26.000 0.000 -29.000 
R0000015 > -894.000 -2.000 -3.000 -50.000 0.000 -9.000 -37.000 -46.000 -39.000 -26.000 -23.000 -40.000 -26.000 -24.000 -34.000 -5.000 0.000 -40.000 -18.000 0.000 -19.000 
R0000016 > -558.000 0.000 0.000 0.000 -2.000 -25.000 -24.000 -16.000 0.000 0.000 0.000 0.000 0.000 0.000 -40.000 -5.000 -26.000 0.000 -8.000 -50.000 0.000 
R0000017 > -643.000 -20.000 -50.000 -46.000 -27.000 0.000 -35.000 0.000 0.000 -15.000 0.000 0.000 -23.000 0.000 -2.000 -15.000 -47.000 -17.000 -4.000 0.000 -49.000 
R0000018 > -299.000 -45.000 -24.000 -40.000 -42.000 0.000 0.000 0.000 -4.000 0.000 -8.000 0.000 -24.000 0.000 0.000 0.000 -8.000 -12.000 0.000 -3.000 -7.000 
R0000019 > -429.000 -2.000 -12.000 -7.000 -6.000 0.000 -11.000 -14.000 0.000 0.000 -4.000 -6.000 -4.000 0.000 -49.000 0.000 -25.000 0.000 0.000 -11.000 0.000 
