15 0 -594.660 552.385
5 20 -223.171 -0.000
C0000000 0.000 1500.000 -29.000 I
C0000005 0.000 1500.000 20.000 I
C0000006 0.000 1500.000 -33.000 I
C0000007 0.000 1500.000 -19.000 I
C0000008 0.000 1500.000 -39.000 I
C0000009 0.000 1500.000 12.000 I
C0000010 0.000 1500.000 -28.000 I
C0000011 0.000 1500.000 45.000 I
C0000012 0.000 1500.000 -1.000 I
C0000013 0.000 1500.000 45.000 I
C0000014 0.000 1500.000 -38.000 I
C0000015 0.000 1500.000 5.000 I
C0000016 0.000 1500.000 -29.000 I
C0000018 0.000 1500.000 40.000 I
C0000019 0.000 1500.000 24.000 I
C0000001 0.000 1500.000 -43.000 13.000 C
C0000002 0.000 1500.000 -46.000 0.000 C
C0000003 0.000 1500.000 41.000 0.000 C
C0000004 0.000 1500.000 44.000 -25.000 C
C0000017 0.000 1500.000 31.000 5.000 C
R0000000 > -1033.000 -49.000 -37.000 -40.000 -2.000 0.000 -50.000 0.000 -50.000 -15.000 -5.000 -23.000 -47.000 -10.000 -45.000 -34.000 -16.000 -37.000 -2.000 0.000 -41.000 
R0000001 > -1028.000 -38.000 -38.000 -40.000 -45.000 -33.000 -50.000 -43.000 -1.000 -26.000 -31.000 -11.000 -36.000 -2.000 -48.000 -10.000 -28.000 -17.000 -49.000 -45.000 -16.000 
R0000002 > -513.000 -6.000 -48.000 -13.000 -45.000 0.000 -36.000 0.000 0.000 -17.000 -8.000 -5.000 -10.000 -7.000 0.000 -32.000 -2.000 -17.000 -44.000 -37.000 -45.000 
R0000003 > -612.000 -36.000 -7.000 -11.000 -11.000 -42.000 -2.000 -9.000 -16.000 -3.000 -19.000 -38.000 -47.000 -17.000 -18.000 -16.000 -47.000 -46.000 -16.000 0.000 -47.000 
R0000004 > -522.000 -25.000 0.000 -12.000 0.000 -50.000 -4.000 -27.000 0.000 -50.000 0.000 -33.000 -12.000 -14.000 -17.000 -9.000 -2.000 -24.000 -20.000 0.000 -49.000 
R0000005 > -691.000 -45.000 0.000 -10.000 0.000 -46.000 -11.000 0.000 0.000 0.000 0.000 0.000 -42.000 0.000 -33.000 -24.000 -40.000 -22.000 -37.000 -2.000 -13.000 
R0000006 > -581.000 -17.000 -27.000 -33.000 -6.000 -13.000 0.000 -30.000 -46.000 -3.000 -35.000 -9.000 -30.000 -45.000 -25.000 -44.000 -12.000 -18.000 -43.000 -13.000 0.000 
R0000007 > -142.000 0.000 -4.000 0.000 0.000 -12.000 0.000 0.000 0.000 0.000 -33.000 -47.000 -25.000 0.000 0.000 0.000 0.000 -16.000 -8.000 0.000 -33.000 
R0000008 > -472.000 -48.000 -50.000 0.000 -15.000 0.000 0.000 0.000 -5.000 -3.000 -28.000 0.000 0.000 0.000 0.000 -2.000 0.000 0.000 0.000 0.000 -38.000 
R0000009 > -496.000 -50.000 -9.000 -43.000 0.000 -20.000 0.000 -9.000 0.000 -46.000 0.000 -41.000 -1.000 -36.000 -32.000 0.000 -28.000 -6.000 -15.000 -33.000 0.000 
R0000010 > -682.000 -29.000 -38.000 0.000 0.000 -17.000 -41.000 0.000 -39.000 0.000 0.000 0.000 0.000 0.000 0.000 -22.000 -29.000 -21.000 -50.000 0.000 -2.000 
R0000011 > -366.000 -2.000 0.000 -42.000 -17.000 -32.000 0.000 0.000 -15.000 -18.000 -18.000 -12.000 -20.000 -10.000 -19.000 -16.000 -27.000 -14.000 -9.000 -41.000 -23.000 
R0000012 > -568.000 0.000 -31.000 0.000 -38.000 -21.000 0.000 -30.000 0.000 -41.000 -36.000 -18.000 -19.000 -34.000 -45.000 -16.000 -19.000 0.000 -39.000 -7.000 -46.000 
R0000013 > -668.000 -28.000 -11.000 -3.000 -20.000 -49.000 -8.000 -1.000 -40.000 -12.000 -43.000 -10.000 -15.000 -37.000 -4.000 -36.000 -26.000 -44.000 -16.000 -42.000 -12.000 
R0000014 > -644.000 -41.000 -13.000 0.000 0.000 0.000 -30.000 -43.000 -4.000 0.000 0.000 0.000 0.000 -27.000 -47.000 0.000 -39.000 0.000 -34.000 -17.000 -35.000 
R0000015 > -613.000 -49.000 0.000 -5.000 -45.000 -3.000 -24.000 0.000 -40.000 -45.000 0.000 -27.000 -23.000 -23.000 -21.000 -46.000 -24.000 0.000 -2.000 -10.000 -5.000 
R0000016 > -358.000 -26.000 0.000 -30.000 0.000 -27.000 -5.000 0.000 -23.000 -29.000 -6.000 -17.000 0.000 -8.000 0.000 -6.000 0.000 -37.000 -33.000 0.000 -30.000 
R0000017 > -789.000 -48.000 -45.000 -33.000 -2.000 0.000 -24.000 -8.000 -44.000 -4.000 -4.000 -14.000 -35.000 -27.000 -18.000 -35.000 -46.000 -43.000 -20.000 -42.000 -45.000 
R0000018 > -795.000 0.000 -46.000 0.000 -15.000 -46.000 -38.000 0.000 -46.000 -5.000 -46.000 0.000 -14.000 -1.000 0.000 -14.000 -31.000 -8.000 -5.000 -37.000 -25.000 
R0000019 > -474.000 0.000 -22.000 -35.000 -40.000 -18.000 -24.000 -21.000 -18.000 -47.000 0.000 -44.000 -28.000 0.000 -8.000 -50.000 -13.000 0.000 -39.000 0.000 0.000 
