5 0 -301.159 737.663
10 20 -169.174 -0.000
C0000004 0.000 1500.000 33.000 I
C0000008 0.000 1500.000 37.000 I
C0000009 0.000 1500.000 -28.000 I
C0000012 0.000 1500.000 29.000 I
C0000013 0.000 1500.000 12.000 I
C0000000 0.000 1500.000 3.000 29.000 C
C0000001 0.000 1500.000 32.000 49.000 C
C0000002 0.000 1500.000 33.000 -17.000 C
C0000003 0.000 1500.000 -22.000 -18.000 C
C0000005 0.000 1500.000 38.000 24.000 C
C0000006 0.000 1500.000 -19.000 42.000 C
C0000007 0.000 1500.000 -16.000 36.000 C
C0000010 0.000 1500.000 43.000 30.000 C
C0000011 0.000 1500.000 49.000 -14.000 C
C0000014 0.000 1500.000 45.000 2.000 C
R0000000 > -834.000 0.000 -39.000 0.000 -48.000 -35.000 -28.000 0.000 -42.000 -4.000 -25.000 -45.000 -29.000 -45.000 -4.000 -12.000 
R0000001 > -441.000 -14.000 0.000 -49.000 -16.000 -47.000 0.000 0.000 0.000 0.000 -21.000 -19.000 0.000 -18.000 -15.000 0.000 
R0000002 > -357.000 -12.000 -6.000 -28.000 -48.000 0.000 -41.000 -6.000 -25.000 0.000 -5.000 0.000 -44.000 -2.000 -44.000 -17.000 
R0000003 > -159.000 -8.000 -46.000 -5.000 0.000 -1.000 0.000 0.000 0.000 0.000 0.000 0.000 0.000 0.000 -50.000 -31.000 
R0000004 > -650.000 0.000 -27.000 -30.000 0.000 -32.000 0.000 -38.000 -18.000 -40.000 -35.000 -16.000 -26.000 -21.000 -26.000 -1.000 
R0000005 > -392.000 0.000 0.000 -28.000 -9.000 0.000 -13.000 -46.000 0.000 -12.000 -32.000 0.000 -30.000 0.000 0.000 -10.000 
R0000006 > -261.000 -48.000 0.000 0.000 0.000 -20.000 -24.000 -6.000 0.000 0.000 -29.000 0.000 -5.000 0.000 -4.000 -18.000 
R0000007 > -392.000 0.000 -42.000 0.000 -31.000 0.000 -9.000 0.000 -36.000 0.000 -2.000 0.000 -47.000 0.000 0.000 -26.000 
R0000008 > -557.000 -26.000 -20.000 -25.000 0.000 -1.000 -30.000 0.000 -39.000 -40.000 -47.000 -7.000 -31.000 -42.000 0.000 -50.000 
R0000009 > -700.000 -33.000 -21.000 -8.000 -19.000 -39.000 -34.000 -22.000 -37.000 -30.000 -26.000 -40.000 -33.000 -5.000 -24.000 -7.000 
R0000010 > -420.000 -4.000 -29.000 -47.000 -37.000 0.000 0.000 -12.000 -46.000 -12.000 -14.000 -8.000 -18.000 -38.000 -32.000 0.000 
R0000011 > -184.000 0.000 -13.000 0.000 0.000 0.000 -44.000 0.000 0.000 0.000 -30.000 0.000 0.000 0.000 -6.000 -34.000 
R0000012 > -304.000 -6.000 0.000 -1.000 0.000 0.000 -20.000 0.000 -9.000 0.000 -4.000 -39.000 0.000 -33.000 -13.000 -38.000 
R0000013 > -674.000 -38.000 -6.000 -47.000 -47.000 -43.000 0.000 -41.000 0.000 -48.000 -8.000 -8.000 0.000 -36.000 -7.000 -37.000 
R0000014 > -283.000 -4.000 -49.000 -38.000 0.000 -10.000 0.000 0.000 -41.000 -29.000 -20.000 -23.000 0.000 0.000 -19.000 -3.000 
R0000015 > -319.000 -10.000 -21.000 0.000 0.000 0.000 -6.000 -21.000 -25.000 -48.000 -9.000 0.000 -25.000 -29.000 -6.000 0.000 
R0000016 > -517.000 -32.000 -17.000 -32.000 -44.000 -23.000 -46.000 0.000 0.000 -39.000 0.000 -21.000 -46.000 -11.000 0.000 0.000 
R0000017 > -377.000 -8.000 -3.000 -18.000 -45.000 -24.000 -44.000 -2.000 -8.000 -10.000 -45.000 0.000 -5.000 0.000 -12.000 0.000 
R0000018 > -870.000 -30.000 -42.000 -37.000 -15.000 -7.000 -50.000 -32.000 -16.000 -48.000 -34.000 -48.000 -48.000 -31.000 -49.000 -47.000 
R0000019 > -625.000 -10.000 -27.000 -21.000 -32.000 -16.000 -41.000 -8.000 -16.000 -48.000 -43.000 -39.000 -19.000 -27.000 -1.000 0.000 
