10 0 -908.214 389.283
10 20 -604.256 -0.000
C0000001 0.000 1500.000 -40.000 I
C0000003 0.000 1500.000 -35.000 I
C0000006 0.000 1500.000 43.000 I
C0000007 0.000 1500.000 12.000 I
C0000009 0.000 1500.000 -12.000 I
C0000010 0.000 1500.000 -16.000 I
C0000012 0.000 1500.000 10.000 I
C0000013 0.000 1500.000 -4.000 I
C0000014 0.000 1500.000 -27.000 I
C0000018 0.000 1500.000 13.000 I
C0000000 0.000 1500.000 -26.000 7.000 C
C0000002 0.000 1500.000 20.000 -30.000 C
C0000004 0.000 1500.000 21.000 -30.000 C
C0000005 0.000 1500.000 -49.000 20.000 C
C0000008 0.000 1500.000 -13.000 -44.000 C
C0000011 0.000 1500.000 -2.000 -11.000 C
C0000015 0.000 1500.000 -34.000 -31.000 C
C0000016 0.000 1500.000 -30.000 41.000 C
C0000017 0.000 1500.000 -27.000 26.000 C
C0000019 0.000 1500.000 23.000 11.000 C
R0000000 > -218.000 0.000 0.000 0.000 0.000 -45.000 0.000 0.000 0.000 -4.000 0.000 -7.000 -2.000 0.000 0.000 0.000 -38.000 -27.000 -21.000 0.000 -44.000 
R0000001 > -675.000 -11.000 0.000 -21.000 -25.000 -39.000 -48.000 -27.000 -32.000 -28.000 -20.000 -36.000 -27.000 -37.000 -42.000 -16.000 -41.000 -34.000 -34.000 -42.000 -12.000 
R0000002 > -268.000 -13.000 0.000 -17.000 -50.000 0.000 0.000 -31.000 -24.000 0.000 0.000 0.000 -41.000 0.000 0.000 -32.000 -15.000 0.000 0.000 0.000 -35.000 
R0000003 > -410.000 -10.000 -10.000 -4.000 -16.000 -16.000 0.000 0.000 -34.000 -7.000 -45.000 -44.000 0.000 -27.000 0.000 0.000 -37.000 -33.000 0.000 -10.000 0.000 
R0000004 > -802.000 -5.000 -10.000 -32.000 -2.000 -34.000 -22.000 -37.000 -50.000 0.000 -13.000 -12.000 -8.000 -30.000 -43.000 -42.000 -2.000 -1.000 -23.000 -49.000 -27.000 
R0000005 > -317.000 0.000 -5.000 0.000 0.000 -47.000 0.000 -48.000 -19.000 -19.000 0.000 -27.000 -17.000 -38.000 0.000 0.000 0.000 -35.000 -33.000 0.000 -9.000 
R0000006 > -826.000 -23.000 -50.000 0.000 -17.000 0.000 -17.000 -32.000 -40.000 -49.000 -41.000 -44.000 0.000 0.000 -35.000 0.000 -13.000 -40.000 -30.000 -10.000 -34.000 
R0000007 > -218.000 -1.000 -14.000 -40.000 -38.000 -3.000 -8.000 -24.000 -17.000 -26.000 0.000 -45.000 -17.000 -20.000 0.000 0.000 -2.000 -9.000 0.000 0.000 -12.000 
R0000008 > -807.000 0.000 -32.000 -19.000 -23.000 0.000 -26.000 -35.000 -36.000 -25.000 -17.000 -45.000 -28.000 -42.000 -48.000 -13.000 -24.000 -24.000 -30.000 -14.000 0.000 
R0000009 > -246.000 0.000 -7.000 0.000 -32.000 -50.000 -29.000 -34.000 0.000 0.000 -13.000 -4.000 0.000 0.000 0.000 -32.000 -8.000 0.000 -9.000 -50.000 0.000 
R0000010 > -445.000 -49.000 -44.000 -43.000 -15.000 0.000 -8.000 0.000 0.000 -2.000 0.000 -35.000 -17.000 -29.000 -16.000 0.000 -14.000 -37.000 0.000 -27.000 0.000 
R0000011 > -789.000 -3.000 -35.000 -30.000 -28.000 0.000 -44.000 -22.000 -49.000 -11.000 -24.000 -1.000 -47.000 -34.000 -8.000 -20.000 -10.000 -5.000 -8.000 0.000 -47.000 
R0000012 > -593.000 0.000 0.000 0.000 0.000 0.000 0.000 0.000 -32.000 -26.000 -16.000 -48.000 0.000 -35.000 -38.000 -27.000 -4.000 -9.000 0.000 0.000 -10.000 
R0000013 > -281.000 0.000 -3.000 -30.000 0.000 -11.000 -11.000 0.000 -7.000 0.000 0.000 0.000 0.000 0.000 -6.000 -31.000 0.000 -21.000 0.000 0.000 -28.000 
R0000014 > -623.000 -44.000 0.000 0.000 -19.000 -47.000 0.000 0.000 -21.000 -36.000 -41.000 -47.000 -14.000 -46.000 -24.000 0.000 0.000 -30.000 -22.000 -9.000 -6.000 
R0000015 > -1024.000 0.000 -34.000 -5.000 -6.000 -47.000 -25.000 -46.000 -38.000 -46.000 -39.000 -30.000 -49.000 -27.000 -44.000 -16.000 0.000 0.000 -44.000 -37.000 -38.000 
R0000016 > -669.000 -5.000 -25.000 -40.000 -45.000 0.000 -47.000 -47.000 -27.000 0.000 -3.000 -44.000 -33.000 -13.000 -50.000 -36.000 -10.000 -30.000 -35.000 -44.000 0.000 
R0000017 > -743.000 -2.000 -25.000 -36.000 -21.000 -47.000 -22.000 -16.000 0.000 0.000 -25.000 0.000 -13.000 -39.000 0.000 -30.000 -40.000 -11.000 -23.000 -29.000 -33.000 
R0000018 > -603.000 0.000 -32.000 0.000 -33.000 -48.000 0.000 0.000 0.000 -2.000 -26.000 -2.000 -11.000 -41.000 0.000 0.000 0.000 -5.000 0.000 0.000 -27.000 
R0000019 > -651.000 -46.000 -40.000 -40.000 -37.000 -46.000 -13.000 -37.000 0.000 -28.000 -18.000 0.000 -6.000 -37.000 0.000 -40.000 -16.000 0.000 -8.000 -26.000 0.000 
