15 0 -111.913 87.000
5 20 -182.600 -0.000
C0000000 0.000 1500.000 14.000 I
C0000001 0.000 1500.000 -48.000 I
C0000002 0.000 1500.000 34.000 I
C0000003 0.000 1500.000 -20.000 I
C0000005 0.000 1500.000 7.000 I
C0000006 0.000 1500.000 -34.000 I
C0000008 0.000 1500.000 -23.000 I
C0000009 0.000 1500.000 -13.000 I
C0000010 0.000 1500.000 -49.000 I
C0000011 0.000 1500.000 25.000 I
C0000012 0.000 1500.000 -21.000 I
C0000014 0.000 1500.000 -45.000 I
C0000015 0.000 1500.000 28.000 I
C0000016 0.000 1500.000 -36.000 I
C0000018 0.000 1500.000 -17.000 I
C0000004 0.000 1500.000 -8.000 -16.000 C
C0000007 0.000 1500.000 29.000 -47.000 C
C0000013 0.000 1500.000 -15.000 0.000 C
C0000017 0.000 1500.000 -3.000 0.000 C
C0000019 0.000 1500.000 2.000 49.000 C
R0000000 > -697.000 -9.000 -22.000 -8.000 0.000 -1.000 -43.000 0.000 -25.000 -19.000 -50.000 -38.000 -43.000 -18.000 -30.000 0.000 -44.000 -43.000 -30.000 -19.000 -49.000 
R0000001 > -385.000 -3.000 0.000 -30.000 -29.000 0.000 -31.000 0.000 0.000 -1.000 -15.000 0.000 0.000 0.000 0.000 0.000 -22.000 0.000 -24.000 0.000 -46.000 
R0000002 > -710.000 -2.000 -8.000 -43.000 -15.000 -18.000 -34.000 -25.000 -44.000 -46.000 -47.000 -8.000 -43.000 -9.000 -37.000 -26.000 -8.000 -40.000 -20.000 -28.000 -13.000 
R0000003 > -486.000 -27.000 -32.000 0.000 -26.000 -41.000 -50.000 -19.000 -33.000 0.000 -14.000 -16.000 -10.000 -1.000 -10.000 0.000 0.000 0.000 0.000 0.000 -6.000 
R0000004 > -544.000 -38.000 0.000 0.000 -8.000 -36.000 -15.000 -45.000 -40.000 -44.000 -18.000 -26.000 -18.000 -43.000 -8.000 -16.000 -15.000 -4.000 -20.000 -13.000 0.000 
R0000005 > -677.000 -6.000 -41.000 0.000 0.000 0.000 -13.000 -6.000 -22.000 -45.000 -44.000 -20.000 0.000 -27.000 -35.000 -18.000 -23.000 -36.000 -47.000 -44.000 -26.000 
R0000006 > -657.000 -37.000 -4.000 -36.000 -22.000 -13.000 0.000 -26.000 -29.000 0.000 -11.000 -14.000 -44.000 -44.000 -49.000 -37.000 -28.000 -9.000 -37.000 -1.000 -35.000 
R0000007 > -462.000 -42.000 -13.000 -39.000 0.000 -13.000 -5.000 0.000 -36.000 -22.000 -35.000 -46.000 -8.000 -3.000 0.000 0.000 -19.000 -29.000 -20.000 0.000 -50.000 
R0000008 > -117.000 0.000 0.000 0.000 0.000 0.000 0.000 0.000 -8.000 0.000 0.000 0.000 -9.000 0.000 0.000 0.000 0.000 -39.000 -27.000 0.000 -7.000 
R0000009 > -471.000 0.000 -11.000 -49.000 0.000 0.000 -34.000 -42.000 -42.000 0.000 0.000 -5.000 -49.000 0.000 0.000 -46.000 -3.000 -29.000 -1.000 0.000 -16.000 
R0000010 > -743.000 -23.000 -40.000 -37.000 0.000 -15.000 -31.000 -43.000 -17.000 0.000 -30.000 -39.000 -33.000 -23.000 0.000 0.000 0.000 0.000 0.000 0.000 0.000 
R0000011 > -178.000 0.000 0.000 0.000 -21.000 -32.000 -14.000 0.000 0.000 0.000 0.000 0.000 0.000 -2.000 0.000 -49.000 -50.000 -16.000 -12.000 0.000 -35.000 
R0000012 > -469.000 0.000 -47.000 0.000 -48.000 0.000 -29.000 0.000 -12.000 0.000 -18.000 0.000 -41.000 -14.000 0.000 -26.000 -2.000 0.000 0.000 -17.000 0.000 
R0000013 > -439.000 -5.000 0.000 0.000 -8.000 0.000 -35.000 -20.000 -27.000 -25.000 -35.000 -45.000 0.000 -34.000 0.000 0.000 -8.000 0.000 -1.000 0.000 0.000 
R0000014 > -340.000 0.000 0.000 0.000 -19.000 -5.000 -18.000 -17.000 -25.000 0.000 -11.000 -36.000 -4.000 -12.000 -12.000 0.000 -13.000 -33.000 -36.000 -16.000 -18.000 
R0000015 > -480.000 0.000 -1.000 -7.000 -21.000 -33.000 -11.000 -32.000 -11.000 -26.000 -35.000 -27.000 -8.000 -25.000 -9.000 -14.000 -2.000 -21.000 -17.000 -45.000 -25.000 
R0000016 > -646.000 -18.000 -2.000 -49.000 -6.000 -11.000 -13.000 -44.000 -15.000 -15.000 -12.000 0.000 -24.000 -36.000 -1.000 -40.000 -19.000 -2.000 -21.000 -13.000 -25.000 
R0000017 > -172.000 -1.000 0.000 -11.000 -30.000 -16.000 0.000 -44.000 -29.000 0.000 -16.000 -45.000 -4.000 0.000 -44.000 -26.000 0.000 -47.000 0.000 0.000 -18.000 
R0000018 > -345.000 0.000 0.000 0.000 -10.000 -32.000 -17.000 -20.000 -35.000 -29.000 -31.000 0.000 -25.000 -15.000 0.000 0.000 -27.000 0.000 0.000 -10.000 -22.000 
R0000019 > -663.000 -12.000 -20.000 -46.000 0.000 -9.000 -13.000 -23.000 0.000 0.000 -7.000 -25.000 -16.000 -21.000 -10.000 -34.000 -35.000 -22.000 -41.000 -40.000 -5.000 
