10 0 -595.873 763.882
10 20 -1071.357 -0.000
C0000000 0.000 1500.000 22.000 I
C0000002 0.000 1500.000 -25.000 I
C0000004 0.000 1500.000 -48.000 I
C0000006 0.000 1500.000 11.000 I
C0000009 0.000 1500.000 10.000 I
C0000012 0.000 1500.000 -31.000 I
C0000013 0.000 1500.000 -29.000 I
C0000016 0.000 1500.000 -6.000 I
C0000017 0.000 1500.000 29.000 I
C0000019 0.000 1500.000 -39.000 I
C0000001 0.000 1500.000 -2.000 -38.000 C
C0000003 0.000 1500.000 37.000 32.000 C
C0000005 0.000 1500.000 -38.000 -36.000 C
C0000007 0.000 1500.000 -1.000 -36.000 C
C0000008 0.000 1500.000 46.000 -38.000 C
C0000010 0.000 1500.000 -6.000 -39.000 C
C0000011 0.000 1500.000 16.000 15.000 C
C0000014 0.000 1500.000 -4.000 -4.000 C
C0000015 0.000 1500.000 -49.000 -14.000 C
C0000018 0.000 1500.000 29.000 -40.000 C
R0000000 > -652.000 -7.000 0.000 -44.000 -23.000 -50.000 0.000 -50.000 0.000 -17.000 -41.000 -18.000 0.000 -3.000 -34.000 -29.000 -27.000 -17.000 -23.000 0.000 0.000 
R0000001 > -891.000 -11.000 -12.000 0.000 -44.000 -49.000 -17.000 -43.000 -44.000 -30.000 -33.000 -44.000 -14.000 -26.000 -28.000 -15.000 -16.000 -35.000 -50.000 -47.000 -20.000 
R0000002 > -457.000 -36.000 -35.000 -9.000 -22.000 -37.000 -31.000 0.000 -40.000 -7.000 -22.000 -8.000 -3.000 -3.000 -3.000 -47.000 -10.000 0.000 -2.000 0.000 -21.000 
R0000003 > -719.000 -35.000 -11.000 0.000 -48.000 -48.000 -31.000 -48.000 -17.000 -24.000 -38.000 -44.000 -14.000 -48.000 0.000 -14.000 -13.000 -15.000 -25.000 -24.000 -24.000 
R0000004 > -1033.000 -20.000 -42.000 -50.000 -2.000 -6.000 -45.000 -40.000 -36.000 -16.000 -23.000 -6.000 -40.000 -32.000 -37.000 -31.000 -8.000 -20.000 -49.000 -44.000 -28.000 
R0000005 > -618.000 -10.000 -46.000 -50.000 -3.000 -31.000 -11.000 0.000 -26.000 -16.000 0.000 -37.000 -17.000 -3.000 -20.000 -28.000 -43.000 -28.000 -46.000 0.000 0.000 
R0000006 > -110.000 0.000 -31.000 0.000 -39.000 -31.000 0.000 -23.000 -12.000 0.000 0.000 -44.000 -19.000 0.000 0.000 0.000 0.000 0.000 -9.000 0.000 0.000 
R0000007 > -540.000 0.000 -29.000 -16.000 -19.000 -42.000 0.000 -28.000 -9.000 -24.000 -45.000 -45.000 0.000 -2.000 -49.000 -28.000 -25.000 -4.000 -16.000 -8.000 -1.000 
R0000008 > -550.000 0.000 -31.000 -1.000 -5.000 -35.000 -10.000 -18.000 -22.000 0.000 -31.000 -36.000 -33.000 -30.000 -12.000 -7.000 -39.000 -43.000 -43.000 -12.000 0.000 
R0000009 > -539.000 0.000 0.000 -18.000 -32.000 -28.000 0.000 -33.000 0.000 -7.000 -44.000 0.000 -32.000 -17.000 0.000 -2.000 0.000 -50.000 -28.000 -38.000 0.000 
R0000010 > -841.000 -25.000 -39.000 -35.000 -15.000 -50.000 -38.000 -25.000 -22.000 -6.000 -5.000 -42.000 -7.000 -14.000 -50.000 -12.000 -38.000 -36.000 -15.000 -34.000 -29.000 
R0000011 > -453.000 0.000 0.000 -48.000 0.000 -5.000 -24.000 0.000 0.000 0.000 0.000 -13.000 0.000 -36.000 0.000 -25.000 0.000 0.000 0.000 -40.000 0.000 
R0000012 > -885.000 -13.000 -5.000 0.000 -24.000 -41.000 -39.000 -27.000 0.000 -48.000 -45.000 -5.000 0.000 -48.000 -46.000 -43.000 -11.000 0.000 0.000 -36.000 -15.000 
R0000013 > -543.000 -24.000 0.000 0.000 0.000 0.000 0.000 -40.000 -26.000 -16.000 0.000 0.000 -32.000 -15.000 0.000 -37.000 0.000 -30.000 -30.000 0.000 0.000 
R0000014 > -454.000 -30.000 -35.000 -24.000 0.000 -22.000 -35.000 -4.000 0.000 -14.000 -46.000 -43.000 -41.000 -21.000 -19.000 0.000 -7.000 -37.000 -13.000 -5.000 -3.000 
R0000015 > -662.000 0.000 -45.000 -33.000 -46.000 -24.000 -4.000 -2.000 -27.000 -45.000 -37.000 -45.000 -38.000 -19.000 -18.000 -40.000 -23.000 -33.000 0.000 -20.000 -24.000 
R0000016 > -615.000 -15.000 -15.000 -32.000 -14.000 -18.000 -6.000 -14.000 -48.000 -37.000 0.000 -6.000 -33.000 -17.000 -21.000 -19.000 -42.000 0.000 0.000 -36.000 -18.000 
R0000017 > -654.000 -3.000 -6.000 -23.000 -38.000 0.000 -19.000 -27.000 0.000 -26.000 0.000 -20.000 0.000 -2.000 -50.000 -15.000 -7.000 -44.000 -30.000 -3.000 -28.000 
R0000018 > -105.000 -21.000 0.000 -24.000 0.000 -2.000 0.000 0.000 -20.000 0.000 -46.000 -43.000 -25.000 -18.000 0.000 0.000 -27.000 0.000 0.000 0.000 0.000 
R0000019 > -590.000 0.000 -12.000 0.000 -45.000 -48.000 0.000 -45.000 -8.000 -30.000 0.000 -20.000 0.000 -5.000 -37.000 -24.000 0.000 -13.000 -44.000 -9.000 -5.000 
