5 0 -491.136 437.503
10 20 -648.391 -0.000
C0000001 0.000 1500.000 -34.000 I
C0000003 0.000 1500.000 -29.000 I
C0000009 0.000 1500.000 3.000 I
C0000010 0.000 1500.000 45.000 I
C0000011 0.000 1500.000 -32.000 I
C0000000 0.000 1500.000 -8.000 -12.000 C
C0000002 0.000 1500.000 -26.000 19.000 C
C0000004 0.000 1500.000 22.000 14.000 C
C0000005 0.000 1500.000 -29.000 -33.000 C
C0000006 0.000 1500.000 38.000 46.000 C
C0000007 0.000 1500.000 24.000 -42.000 C
C0000008 0.000 1500.000 19.000 -23.000 C
C0000012 0.000 1500.000 -33.000 -34.000 C
C0000013 0.000 1500.000 11.000 15.000 C
C0000014 0.000 1500.000 15.000 28.000 C
R0000000 > -782.000 -48.000 -39.000 -41.000 -47.000 -5.000 -23.000 0.000 -26.000 0.000 -16.000 -50.000 0.000 -50.000 -28.000 -29.000 
R0000001 > -267.000 0.000 -32.000 0.000 0.000 0.000 -46.000 0.000 -14.000 0.000 -34.000 -8.000 -14.000 -7.000 0.000 0.000 
R0000002 > -693.000 -40.000 -10.000 -48.000 0.000 -10.000 -18.000 0.000 -48.000 -26.000 -25.000 -38.000 -39.000 -34.000 -29.000 0.000 
R0000003 > -488.000 0.000 -42.000 -28.000 -42.000 -49.000 0.000 -5.000 -47.000 -40.000 -32.000 -35.000 0.000 0.000 -1.000 -13.000 
R0000004 > -713.000 -43.000 -31.000 -14.000 -45.000 -3.000 -26.000 0.000 -12.000 0.000 -4.000 -40.000 -35.000 -36.000 0.000 -24.000 
R0000005 > -415.000 -3.000 -13.000 -36.000 -3.000 0.000 -46.000 0.000 0.000 -2.000 -5.000 -7.000 -28.000 -18.000 -30.000 -20.000 
R0000006 > -652.000 -33.000 -45.000 -22.000 -29.000 -10.000 -24.000 -36.000 -35.000 -31.000 -35.000 -28.000 -8.000 -13.000 -20.000 -10.000 
R0000007 > -645.000 -16.000 0.000 0.000 -19.000 -45.000 0.000 -24.000 -45.000 -10.000 -9.000 -25.000 -32.000 -43.000 -28.000 0.000 
R0000008 > -315.000 -5.000 -21.000 -10.000 0.000 0.000 -41.000 -43.000 -34.000 0.000 -37.000 -10.000 0.000 0.000 -35.000 -14.000 
R0000009 > -259.000 -8.000 0.000 0.000 0.000 0.000 0.000 -45.000 0.000 -33.000 0.000 0.000 -25.000 0.000 0.000 0.000 
R0000010 > -601.000 0.000 -17.000 -38.000 -19.000 -46.000 0.000 -30.000 -27.000 -38.000 -31.000 -29.000 -1.000 -27.000 -47.000 -40.000 
R0000011 > -508.000 -41.000 -1.000 0.000 -21.000 -18.000 0.000 0.000 -29.000 -41.000 -25.000 -29.000 -29.000 -29.000 -24.000 -49.000 
R0000012 > -54.000 0.000 0.000 0.000 -14.000 -4.000 -14.000 0.000 0.000 -30.000 0.000 0.000 0.000 0.000 -21.000 -43.000 
R0000013 > -440.000 0.000 -24.000 0.000 0.000 -43.000 -4.000 0.000 0.000 -48.000 0.000 -11.000 -20.000 -31.000 0.000 0.000 
R0000014 > -586.000 -10.000 -27.000 0.000 -46.000 -11.000 -24.000 -7.000 -7.000 0.000 -41.000 -38.000 -31.000 -28.000 -6.000 -32.000 
R0000015 > -556.000 -30.000 -29.000 -32.000 -26.000 -33.000 -48.000 -7.000 -27.000 -26.000 -19.000 -21.000 -6.000 -4.000 -1.000 0.000 
R0000016 > -544.000 -16.000 -25.000 0.000 -3.000 -21.000 0.000 0.000 0.000 0.000 -45.000 0.000 -23.000 -43.000 -10.000 0.000 
R0000017 > -761.000 -4.000 -3.000 -23.000 -19.000 -42.000 -34.000 -46.000 0.000 -8.000 -37.000 -33.000 -22.000 -42.000 -11.000 -19.000 
R0000018 > -312.000 -31.000 0.000 -5.000 -42.000 -31.000 0.000 0.000 0.000 -23.000 -22.000 -39.000 0.000 -1.000 0.000 0.000 
R0000019 > -325.000 0.000 0.000 0.000 -49.000 -16.000 0.000 -18.000 -19.000 0.000 0.000 -6.000 0.000 -25.000 -18.000 0.000 
