15 0 -763.600 463.267
5 20 -384.657 -0.000
C0000000 0.000 1500.000 -36.000 I
C0000001 0.000 1500.000 -2.000 I
C0000003 0.000 1500.000 7.000 I
C0000004 0.000 1500.000 7.000 I
C0000005 0.000 1500.000 11.000 I
C0000006 0.000 1500.000 -18.000 I
C0000010 0.000 1500.000 -46.000 I
C0000011 0.000 1500.000 -37.000 I
C0000012 0.000 1500.000 -22.000 I
C0000013 0.000 1500.000 -28.000 I
C0000014 0.000 1500.000 10.000 I
C0000015 0.000 1500.000 -17.000 I
C0000016 0.000 1500.000 -23.000 I
C0000017 0.000 1500.000 24.000 I
C0000018 0.000 1500.000 34.000 I
C0000002 0.000 1500.000 32.000 10.000 C
C0000007 0.000 1500.000 15.000 -18.000 C
C0000008 0.000 1500.000 7.000 5.000 C
C0000009 0.000 1500.000 -35.000 -38.000 C
C0000019 0.000 1500.000 -28.000 -4.000 C
R0000000 > -709.000 0.000 0.000 -50.000 -44.000 -25.000 0.000 0.000 -6.000 -47.000 -50.000 0.000 0.000 -32.000 0.000 0.000 -13.000 -46.000 -20.000 0.000 -21.000 
R0000001 > -507.000 -6.000 -32.000 -19.000 -46.000 0.000 -1.000 -34.000 -17.000 -30.000 0.000 -35.000 -44.000 -43.000 -16.000 0.000 0.000 -35.000 0.000 0.000 -2.000 
R0000002 > -418.000 -6.000 0.000 0.000 -25.000 -22.000 -21.000 -22.000 0.000 -14.000 -48.000 -19.000 0.000 0.000 -19.000 -12.000 -18.000 0.000 -31.000 -4.000 0.000 
R0000003 > -451.000 -35.000 -27.000 -50.000 -24.000 -19.000 -50.000 0.000 -31.000 0.000 -13.000 -25.000 -41.000 0.000 0.000 0.000 -50.000 0.000 -44.000 0.000 -6.000 
R0000004 > -615.000 -10.000 -49.000 0.000 -32.000 -44.000 -19.000 -45.000 0.000 -31.000 -46.000 -15.000 -47.000 -46.000 -2.000 -40.000 -39.000 -13.000 -32.000 -2.000 -5.000 
R0000005 > -479.000 -36.000 -30.000 -50.000 0.000 -12.000 0.000 -44.000 0.000 0.000 -43.000 -29.000 0.000 -46.000 -22.000 0.000 -31.000 -33.000 0.000 0.000 -17.000 
R0000006 > -364.000 0.000 -29.000 0.000 0.000 -15.000 -11.000 -18.000 0.000 0.000 0.000 0.000 -29.000 0.000 -7.000 -48.000 -29.000 -22.000 -7.000 -40.000 0.000 
R0000007 > -192.000 0.000 -34.000 -28.000 0.000 -19.000 0.000 0.000 -36.000 -9.000 -25.000 -15.000 0.000 -16.000 0.000 0.000 0.000 0.000 0.000 -6.000 0.000 
R0000008 > -498.000 -42.000 -18.000 -24.000 -22.000 -30.000 -1.000 -4.000 0.000 0.000 0.000 -40.000 -23.000 -13.000 0.000 -38.000 0.000 -33.000 -43.000 -39.000 -13.000 
R0000009 > -383.000 0.000 -33.000 -19.000 -37.000 0.000 0.000 -47.000 -7.000 0.000 -50.000 -39.000 -26.000 -24.000 -40.000 -11.000 0.000 0.000 0.000 0.000 0.000 
R0000010 > -340.000 -48.000 0.000 0.000 -23.000 -32.000 0.000 -20.000 0.000 -30.000 0.000 -47.000 0.000 0.000 -10.000 -41.000 0.000 -4.000 -23.000 0.000 -35.000 
R0000011 > -535.000 0.000 0.000 -11.000 -27.000 0.000 -14.000 0.000 0.000 -6.000 -11.000 -42.000 -48.000 -47.000 0.000 -30.000 -41.000 -32.000 0.000 0.000 0.000 
R0000012 > -247.000 -2.000 -22.000 -11.000 -34.000 -11.000 -7.000 -2.000 -39.000 -12.000 -10.000 0.000 -48.000 -46.000 -39.000 -49.000 0.000 0.000 -50.000 -1.000 -15.000 
R0000013 > -762.000 -30.000 -15.000 -3.000 -30.000 -2.000 -31.000 -2.000 -1.000 -40.000 -25.000 -16.000 -6.000 -42.000 -36.000 -29.000 -43.000 -23.000 -31.000 -30.000 -7.000 
R0000014 > -586.000 0.000 -9.000 0.000 -27.000 -24.000 -26.000 -4.000 -37.000 -29.000 -30.000 0.000 0.000 0.000 0.000 -8.000 -33.000 -6.000 0.000 -27.000 -28.000 
R0000015 > -679.000 -32.000 0.000 -4.000 -8.000 -11.000 -37.000 -28.000 -10.000 -48.000 -31.000 -2.000 0.000 -22.000 -18.000 -9.000 -29.000 -50.000 0.000 -12.000 -14.000 
R0000016 > -261.000 -11.000 0.000 -12.000 -30.000 0.000 -42.000 -40.000 -24.000 0.000 -34.000 -2.000 0.000 -34.000 0.000 0.000 0.000 0.000 -34.000 0.000 0.000 
R0000017 > -580.000 -20.000 -44.000 -11.000 -28.000 -32.000 0.000 -19.000 0.000 0.000 0.000 0.000 -37.000 0.000 0.000 -19.000 -43.000 -35.000 -11.000 -34.000 0.000 
R0000018 > -592.000 -21.000 -5.000 0.000 -23.000 -48.000 -17.000 0.000 -44.000 -35.000 0.000 -39.000 0.000 -32.000 0.000 -45.000 -37.000 -24.000 -19.000 -2.000 -40.000 
R0000019 > -481.000 -40.000 -44.000 0.000 0.000 -17.000 0.000 -50.000 -41.000 -34.000 -16.000 -49.000 -6.000 -41.000 0.000 0.000 -13.000 -24.000 -36.000 -1.000 -24.000 
