5 0 -366.854 409.884
10 20 -161.047 -1.765
C0000003 0.000 1500.000 23.000 I
C0000004 0.000 1500.000 10.000 I
C0000006 0.000 1500.000 -38.000 I
C0000010 0.000 1500.000 -20.000 I
C0000012 0.000 1500.000 18.000 I
C0000000 0.000 1500.000 20.000 32.000 C
C0000001 0.000 1500.000 34.000 37.000 C
C0000002 0.000 1500.000 36.000 8.000 C
C0000005 0.000 1500.000 -14.000 15.000 C
C0000007 0.000 1500.000 -29.000 -47.000 C
C0000008 0.000 1500.000 -4.000 30.000 C
C0000009 0.000 1500.000 -36.000 -16.000 C
C0000011 0.000 1500.000 -4.000 -11.000 C
C0000013 0.000 1500.000 3.000 -4.000 C
C0000014 0.000 1500.000 15.000 -10.000 C
R0000000 > -57.000 0.000 -11.000 -10.000 0.000 -6.000 0.000 0.000 -29.000 -8.000 -33.000 -7.000 0.000 -35.000 -2.000 -34.000 
R0000001 > -228.000 0.000 -41.000 -48.000 -7.000 -8.000 -18.000 -16.000 -5.000 -2.000 -30.000 -30.000 -24.000 0.000 -7.000 -4.000 
R0000002 > -311.000 -8.000 -33.000 -22.000 -8.000 -3.000 0.000 -1.000 -22.000 -31.000 -49.000 -7.000 -23.000 -15.000 -45.000 -39.000 
R0000003 > -259.000 -11.000 -27.000 -39.000 -4.000 0.000 -8.000 -17.000 -29.000 -2.000 -7.000 0.000 -50.000 -32.000 -2.000 -24.000 
R0000004 > -478.000 -15.000 -3.000 -41.000 -18.000 -1.000 0.000 -25.000 -20.000 -44.000 -10.000 -26.000 -27.000 -23.000 -15.000 -39.000 
R0000005 > -341.000 0.000 -19.000 -8.000 -34.000 -30.000 0.000 -32.000 0.000 0.000 -22.000 0.000 -29.000 -41.000 -23.000 0.000 
R0000006 > -236.000 0.000 0.000 -50.000 -26.000 -46.000 0.000 -30.000 0.000 0.000 -32.000 0.000 0.000 -44.000 0.000 0.000 
R0000007 > -529.000 -21.000 -37.000 -23.000 -36.000 -44.000 -20.000 -19.000 -42.000 0.000 -42.000 -8.000 -43.000 -16.000 -13.000 -50.000 
R0000008 > -558.000 -22.000 -12.000 -22.000 -42.000 -11.000 -24.000 -7.000 -4.000 -11.000 -37.000 -13.000 -48.000 -46.000 -28.000 0.000 
R0000009 > -298.000 -20.000 -19.000 -16.000 -2.000 0.000 -20.000 0.000 -24.000 -15.000 0.000 -48.000 -27.000 0.000 -4.000 -39.000 
R0000010 > -354.000 -46.000 -50.000 -48.000 -4.000 -37.000 -21.000 0.000 -26.000 0.000 -29.000 -49.000 0.000 -25.000 -18.000 0.000 
R0000011 > -462.000 -10.000 -29.000 -46.000 -36.000 -19.000 -14.000 -20.000 -34.000 -12.000 -3.000 -13.000 -26.000 -42.000 -37.000 0.000 
R0000012 > -199.000 -10.000 0.000 -15.000 0.000 -33.000 0.000 -40.000 0.000 0.000 -18.000 0.000 -23.000 0.000 -43.000 0.000 
R0000013 > -437.000 -16.000 -48.000 -37.000 -42.000 0.000 -23.000 0.000 0.000 0.000 0.000 -2.000 -23.000 -43.000 -34.000 0.000 
R0000014 > -720.000 -34.000 -17.000 -35.000 -37.000 -40.000 -3.000 -43.000 -12.000 -41.000 0.000 -6.000 -21.000 -48.000 -10.000 -6.000 
R0000015 > -306.000 -27.000 -1.000 0.000 0.000 -32.000 -6.000 -26.000 -23.000 -19.000 -14.000 0.000 0.000 -31.000 -20.000 0.000 
R0000016 > -385.000 -17.000 0.000 -7.000 -30.000 0.000 -41.000 -22.000 0.000 0.000 -28.000 -43.000 0.000 0.000 0.000 0.000 
R0000017 > -729.000 -38.000 0.000 -45.000 -45.000 -28.000 -15.000 -47.000 -1.000 -25.000 -7.000 -18.000 -30.000 -50.000 -6.000 -13.000 
R0000018 > -499.000 -25.000 -11.000 -19.000 0.000 -26.000 -23.000 -24.000 0.000 -49.000 -29.000 0.000 0.000 -28.000 -42.000 0.000 
R0000019 > -449.000 -28.000 0.000 -24.000 -48.000 -4.000 -19.000 -13.000 0.000 -2.000 0.000 -14.000 0.000 -32.000 -49.000 0.000 
