5 0 -663.837 106.400
15 20 -198.857 -0.000
C0000000 0.000 1500.000 16.000 I
C0000003 0.000 1500.000 -47.000 I
C0000005 0.000 1500.000 13.000 I
C0000013 0.000 1500.000 2.000 I
C0000018 0.000 1500.000 39.000 I
C0000001 0.000 1500.000 -28.000 0.000 C
C0000002 0.000 1500.000 -17.000 -30.000 C
C0000004 0.000 1500.000 3.000 41.000 C
C0000006 0.000 1500.000 -49.000 0.000 C
C0000007 0.000 1500.000 -15.000 36.000 C
C0000008 0.000 1500.000 13.000 46.000 C
C0000009 0.000 1500.000 5.000 0.000 C
C0000010 0.000 1500.000 -42.000 28.000 C
C0000011 0.000 1500.000 48.000 0.000 C
C0000012 0.000 1500.000 16.000 0.000 C
C0000014 0.000 1500.000 13.000 0.000 C
C0000015 0.000 1500.000 -41.000 46.000 C
C0000016 0.000 1500.000 -31.000 -8.000 C
C0000017 0.000 1500.000 -26.000 -29.000 C
C0000019 0.000 1500.000 -31.000 24.000 C
R0000000 > -770.000 -18.000 0.000 0.000 -6.000 -27.000 -2.000 -49.000 -11.000 -34.000 0.000 0.000 0.000 -5.000 -26.000 0.000 -33.000 -50.000 -47.000 -24.000 0.000 
R0000001 > -667.000 -12.000 -19.000 -8.000 0.000 -35.000 -12.000 -30.000 -8.000 -2.000 0.000 -2.000 -34.000 -2.000 -36.000 0.000 -42.000 -31.000 -37.000 -11.000 -42.000 
R0000002 > -703.000 -27.000 -27.000 -26.000 0.000 -40.000 -10.000 0.000 0.000 -26.000 0.000 0.000 -49.000 0.000 0.000 -45.000 -24.000 -41.000 0.000 -39.000 -31.000 
R0000003 > -741.000 0.000 -5.000 -49.000 -37.000 -8.000 -5.000 0.000 -37.000 -47.000 0.000 -31.000 -43.000 -23.000 -41.000 -12.000 -33.000 -44.000 -34.000 -49.000 -6.000 
R0000004 > -722.000 -28.000 -37.000 -45.000 -6.000 -11.000 0.000 0.000 -3.000 -8.000 0.000 -9.000 -29.000 -16.000 -24.000 -50.000 -43.000 -3.000 -44.000 -6.000 -25.000 
R0000005 > -531.000 -32.000 -46.000 -10.000 -49.000 -39.000 0.000 -38.000 0.000 -38.000 -4.000 -39.000 -37.000 0.000 0.000 0.000 0.000 0.000 -14.000 -8.000 -22.000 
R0000006 > -240.000 0.000 0.000 0.000 0.000 -45.000 0.000 -42.000 0.000 -34.000 -37.000 0.000 0.000 0.000 0.000 -31.000 0.000 0.000 -20.000 -35.000 -29.000 
R0000007 > -359.000 0.000 -18.000 0.000 -39.000 -10.000 0.000 -34.000 -13.000 0.000 -18.000 -4.000 -45.000 0.000 -39.000 -39.000 -17.000 -13.000 -5.000 -31.000 0.000 
R0000008 > -112.000 0.000 0.000 -47.000 -42.000 0.000 0.000 -39.000 0.000 -18.000 0.000 -28.000 -36.000 -36.000 -41.000 0.000 0.000 -16.000 0.000 -1.000 -36.000 
R0000009 > -470.000 0.000 -28.000 -45.000 -36.000 0.000 -28.000 0.000 0.000 -14.000 -14.000 0.000 -35.000 -5.000 -30.000 0.000 -41.000 -18.000 -5.000 -23.000 0.000 
R0000010 > -679.000 -40.000 -32.000 -2.000 -21.000 0.000 -22.000 0.000 -45.000 0.000 0.000 -18.000 -35.000 0.000 0.000 0.000 -23.000 -8.000 0.000 -48.000 -11.000 
R0000011 > -198.000 0.000 0.000 -47.000 0.000 -15.000 -24.000 -24.000 0.000 0.000 0.000 0.000 0.000 -42.000 -9.000 0.000 -17.000 -15.000 0.000 -18.000 -27.000 
R0000012 > -481.000 -32.000 0.000 -27.000 0.000 -48.000 -13.000 -12.000 -19.000 0.000 -31.000 -3.000 -49.000 -1.000 -8.000 -25.000 -37.000 -9.000 -18.000 -18.000 0.000 
R0000013 > -699.000 0.000 -50.000 -33.000 -28.000 -22.000 -45.000 -23.000 -43.000 -15.000 -20.000 -35.000 -31.000 -23.000 -49.000 -15.000 -26.000 -7.000 -25.000 -44.000 -49.000 
R0000014 > -526.000 0.000 -46.000 -12.000 0.000 -30.000 -2.000 0.000 0.000 -47.000 -17.000 0.000 0.000 0.000 0.000 -32.000 -32.000 0.000 -32.000 -10.000 -23.000 
R0000015 > -566.000 -6.000 0.000 -50.000 -13.000 -41.000 -20.000 -30.000 -20.000 -13.000 0.000 -39.000 -41.000 -5.000 -12.000 -11.000 -44.000 -23.000 -14.000 -45.000 -8.000 
R0000016 > -392.000 -24.000 0.000 -20.000 -1.000 -33.000 -41.000 -38.000 -30.000 0.000 0.000 -8.000 -43.000 -31.000 -22.000 -1.000 -18.000 -42.000 0.000 0.000 -42.000 
R0000017 > -6.000 0.000 0.000 -40.000 0.000 -13.000 0.000 -31.000 0.000 0.000 -17.000 -3.000 -41.000 -18.000 -21.000 -33.000 -1.000 0.000 0.000 0.000 -9.000 
R0000018 > -797.000 0.000 -42.000 -13.000 -26.000 -35.000 -36.000 -1.000 -44.000 -46.000 0.000 0.000 -25.000 0.000 -27.000 0.000 -43.000 -44.000 -14.000 -42.000 -14.000 
R0000019 > -205.000 0.000 -22.000 -28.000 -38.000 -6.000 -44.000 -44.000 -8.000 -34.000 -28.000 0.000 -10.000 -2.000 -25.000 -9.000 -15.000 -5.000 -5.000 0.000 -46.000 
