15 0 -64.077 523.888
5 20 -217.029 -0.000
C0000000 0.000 1500.000 49.000 I
C0000001 0.000 1500.000 -14.000 I
C0000003 0.000 1500.000 3.000 I
C0000004 0.000 1500.000 -20.000 I
C0000006 0.000 1500.000 -23.000 I
C0000007 0.000 1500.000 17.000 I
C0000009 0.000 1500.000 -26.000 I
C0000010 0.000 1500.000 22.000 I
C0000012 0.000 1500.000 4.000 I
C0000013 0.000 1500.000 -28.000 I
C0000015 0.000 1500.000 -24.000 I
C0000016 0.000 1500.000 44.000 I
C0000017 0.000 1500.000 -14.000 I
C0000018 0.000 1500.000 -7.000 I
C0000019 0.000 1500.000 -11.000 I
C0000002 0.000 1500.000 -14.000 -22.000 C
C0000005 0.000 1500.000 -19.000 0.000 C
C0000008 0.000 1500.000 47.000 -30.000 C
C0000011 0.000 1500.000 17.000 0.000 C
C0000014 0.000 1500.000 42.000 0.000 C
R0000000 > -501.000 0.000 -46.000 0.000 -43.000 -35.000 -19.000 0.000 0.000 -42.000 -44.000 -40.000 -31.000 0.000 -10.000 0.000 -5.000 -1.000 0.000 -42.000 -21.000 
R0000001 > -609.000 -50.000 -4.000 0.000 0.000 -44.000 -26.000 0.000 -47.000 0.000 -24.000 -40.000 -34.000 -8.000 0.000 0.000 0.000 -7.000 0.000 0.000 -21.000 
R0000002 > -513.000 -41.000 -32.000 -13.000 -17.000 -8.000 -29.000 -26.000 0.000 0.000 -23.000 0.000 0.000 -38.000 0.000 -1.000 -6.000 -24.000 0.000 -4.000 -34.000 
R0000003 > -416.000 -8.000 -31.000 -9.000 -16.000 -4.000 -5.000 -32.000 -48.000 0.000 0.000 0.000 0.000 0.000 0.000 -1.000 -28.000 -45.000 -36.000 0.000 -35.000 
R0000004 > -218.000 0.000 -48.000 0.000 -6.000 -33.000 -21.000 -18.000 0.000 -49.000 0.000 0.000 -2.000 -5.000 -3.000 0.000 -40.000 0.000 -3.000 -30.000 -19.000 
R0000005 > -78.000 0.000 0.000 -15.000 -14.000 -46.000 -12.000 0.000 0.000 0.000 0.000 0.000 0.000 0.000 -22.000 0.000 -35.000 -2.000 0.000 0.000 0.000 
R0000006 > -225.000 0.000 -18.000 -46.000 -2.000 -9.000 0.000 0.000 0.000 0.000 -43.000 -21.000 -28.000 0.000 -40.000 -39.000 -32.000 -47.000 0.000 -5.000 0.000 
R0000007 > -592.000 -45.000 -34.000 -22.000 -6.000 -26.000 -28.000 -33.000 -8.000 -25.000 -40.000 -30.000 -22.000 -28.000 -7.000 -16.000 0.000 -19.000 -46.000 0.000 -3.000 
R0000008 > -576.000 -46.000 -10.000 -48.000 -45.000 -3.000 0.000 -35.000 -45.000 -11.000 0.000 -4.000 0.000 -46.000 -25.000 0.000 -28.000 -32.000 -28.000 -22.000 -23.000 
R0000009 > -407.000 -5.000 -34.000 -1.000 -44.000 -14.000 -1.000 -7.000 0.000 -43.000 -27.000 -45.000 -1.000 -8.000 -26.000 -5.000 -3.000 -41.000 -17.000 -11.000 -42.000 
R0000010 > -484.000 0.000 -7.000 -17.000 -30.000 0.000 -1.000 -21.000 -36.000 0.000 0.000 -43.000 -48.000 -6.000 -3.000 0.000 -46.000 -32.000 -17.000 -45.000 0.000 
R0000011 > -381.000 -47.000 -15.000 0.000 -3.000 -30.000 -10.000 -14.000 -45.000 -21.000 0.000 -22.000 0.000 -40.000 -47.000 0.000 -9.000 -7.000 -36.000 -50.000 -11.000 
R0000012 > -235.000 0.000 0.000 -1.000 -45.000 -24.000 0.000 -25.000 0.000 -36.000 0.000 0.000 0.000 -25.000 0.000 0.000 0.000 -29.000 -41.000 -27.000 0.000 
R0000013 > -56.000 -2.000 -29.000 -19.000 0.000 -2.000 0.000 -5.000 0.000 -46.000 0.000 -30.000 0.000 -28.000 -31.000 0.000 0.000 -31.000 -10.000 -30.000 0.000 
R0000014 > -638.000 -13.000 -10.000 0.000 -7.000 -7.000 -49.000 -10.000 -30.000 -38.000 -44.000 -31.000 -29.000 -11.000 -12.000 -15.000 -29.000 -7.000 -13.000 -48.000 -32.000 
R0000015 > -478.000 0.000 -37.000 -7.000 0.000 -1.000 0.000 0.000 -40.000 -45.000 -37.000 -36.000 -39.000 -38.000 0.000 0.000 -7.000 -50.000 -11.000 0.000 -44.000 
R0000016 > -687.000 -9.000 -6.000 0.000 -24.000 0.000 -38.000 -40.000 -20.000 -42.000 -36.000 -44.000 -14.000 -5.000 0.000 -26.000 -8.000 -28.000 -7.000 -9.000 -34.000 
R0000017 > -761.000 -10.000 -40.000 -15.000 -8.000 -49.000 -30.000 -26.000 -48.000 0.000 -50.000 -44.000 -42.000 0.000 -43.000 -49.000 -45.000 -46.000 -44.000 -36.000 -35.000 
R0000018 > -686.000 -17.000 -14.000 -45.000 -25.000 0.000 -26.000 -25.000 -42.000 -46.000 -6.000 -5.000 -35.000 -28.000 -29.000 -31.000 -11.000 -13.000 -29.000 -13.000 -47.000 
R0000019 > -458.000 0.000 -26.000 0.000 0.000 -9.000 -18.000 -24.000 -25.000 -46.000 -19.000 -22.000 -30.000 -21.000 -30.000 -10.000 -16.000 -3.000 -21.000 -50.000 -26.000 
