5 0 -355.127 325.115
15 20 -84.776 -0.636
C0000006 0.000 1500.000 -40.000 I
C0000011 0.000 1500.000 -18.000 I
C0000012 0.000 1500.000 22.000 I
C0000013 0.000 1500.000 18.000 I
C0000019 0.000 1500.000 4.000 I
C0000000 0.000 1500.000 36.000 18.000 C
C0000001 0.000 1500.000 36.000 22.000 C
C0000002 0.000 1500.000 -22.000 0.000 C
C0000003 0.000 1500.000 3.000 49.000 C
C0000004 0.000 1500.000 1.000 -34.000 C
C0000005 0.000 1500.000 25.000 -7.000 C
C0000007 0.000 1500.000 24.000 29.000 C
C0000008 0.000 1500.000 31.000 0.000 C
C0000009 0.000 1500.000 -30.000 36.000 C
C0000010 0.000 1500.000 39.000 0.000 C
C0000014 0.000 1500.000 -30.000 0.000 C
C0000015 0.000 1500.000 -3.000 4.000 C
C0000016 0.000 1500.000 -35.000 -1.000 C
C0000017 0.000 1500.000 -39.000 0.000 C
C0000018 0.000 1500.000 14.000 30.000 C
R0000000 > -485.000 -4.000 -48.000 0.000 -38.000 -1.000 0.000 -4.000 -13.000 -23.000 -43.000 -28.000 -33.000 0.000 -41.000 -46.000 -15.000 -47.000 -5.000 -25.000 -36.000 
R0000001 > -63.000 -31.000 0.000 -8.000 0.000 0.000 -26.000 -42.000 0.000 0.000 0.000 -11.000 0.000 0.000 -5.000 -4.000 0.000 0.000 0.000 0.000 0.000 
R0000002 > -439.000 0.000 -6.000 -44.000 -40.000 0.000 0.000 0.000 -45.000 0.000 -47.000 -27.000 0.000 -22.000 -30.000 0.000 -42.000 -36.000 -9.000 0.000 -21.000 
R0000003 > -180.000 0.000 -31.000 0.000 0.000 0.000 0.000 -29.000 -10.000 0.000 -34.000 -25.000 -38.000 0.000 -14.000 -31.000 -3.000 0.000 -23.000 -11.000 0.000 
R0000004 > -368.000 -27.000 -50.000 -24.000 0.000 -5.000 -50.000 -27.000 -7.000 -16.000 -37.000 -49.000 -39.000 -26.000 -10.000 -40.000 -19.000 -31.000 -21.000 -42.000 -2.000 
R0000005 > -187.000 -8.000 -19.000 -19.000 0.000 -40.000 -35.000 -5.000 0.000 -44.000 0.000 0.000 0.000 0.000 0.000 -36.000 -38.000 0.000 -19.000 0.000 0.000 
R0000006 > -134.000 -38.000 0.000 -6.000 -47.000 0.000 0.000 -29.000 -27.000 -18.000 -37.000 -13.000 -6.000 0.000 0.000 -1.000 -24.000 0.000 -8.000 -28.000 0.000 
R0000007 > -522.000 -18.000 -44.000 -43.000 -10.000 -35.000 -25.000 -25.000 -19.000 -3.000 -47.000 0.000 -47.000 -37.000 -31.000 -22.000 -17.000 -6.000 -8.000 -46.000 -41.000 
R0000008 > -329.000 0.000 -39.000 -11.000 -16.000 -30.000 -23.000 -26.000 -25.000 -2.000 -33.000 -43.000 0.000 -48.000 -9.000 0.000 -35.000 -14.000 -5.000 -48.000 -1.000 
R0000009 > -511.000 -9.000 -24.000 -11.000 -11.000 -30.000 -26.000 -24.000 -11.000 0.000 -35.000 -11.000 0.000 -21.000 -11.000 -21.000 -41.000 -8.000 -2.000 -37.000 -49.000 
R0000010 > -203.000 0.000 -8.000 -42.000 0.000 -33.000 0.000 0.000 0.000 -35.000 0.000 -34.000 -20.000 0.000 0.000 -14.000 0.000 0.000 0.000 -25.000 -19.000 
R0000011 > -231.000 -2.000 0.000 -22.000 0.000 0.000 0.000 -26.000 -8.000 -45.000 -46.000 -23.000 0.000 -38.000 -49.000 0.000 0.000 -20.000 -22.000 -38.000 0.000 
R0000012 > -262.000 -50.000 0.000 -31.000 -35.000 -38.000 -46.000 -33.000 -17.000 -17.000 -2.000 0.000 0.000 -36.000 0.000 -37.000 -5.000 -44.000 -22.000 -46.000 -32.000 
R0000013 > -422.000 0.000 -41.000 0.000 0.000 0.000 -23.000 0.000 -6.000 -5.000 -27.000 -33.000 -19.000 -40.000 -36.000 -34.000 -8.000 0.000 -43.000 -19.000 -23.000 
R0000014 > -66.000 0.000 -43.000 -10.000 -10.000 -22.000 0.000 -37.000 -47.000 0.000 -47.000 0.000 0.000 -9.000 -19.000 -1.000 0.000 -35.000 -5.000 0.000 0.000 
R0000015 > -382.000 -28.000 -32.000 -3.000 -45.000 -48.000 -19.000 -31.000 -50.000 -24.000 -44.000 -35.000 0.000 -40.000 0.000 0.000 -2.000 -42.000 -7.000 -4.000 -49.000 
R0000016 > -439.000 -34.000 -40.000 -31.000 -33.000 0.000 -40.000 -13.000 -38.000 -9.000 -13.000 0.000 -17.000 0.000 -48.000 -26.000 -24.000 0.000 -11.000 0.000 -25.000 
R0000017 > -312.000 0.000 0.000 -13.000 0.000 0.000 0.000 0.000 -26.000 0.000 -22.000 -30.000 0.000 -27.000 0.000 -12.000 -25.000 0.000 0.000 -38.000 -25.000 
R0000018 > -425.000 0.000 -19.000 0.000 -19.000 -19.000 -27.000 -18.000 0.000 0.000 0.000 -13.000 -6.000 0.000 -45.000 -25.000 0.000 -13.000 0.000 0.000 -45.000 
R0000019 > -177.000 -28.000 -12.000 0.000 -9.000 -17.000 -34.000 -23.000 0.000 0.000 -46.000 0.000 -49.000 0.000 -15.000 -48.000 0.000 0.000 0.000 0.000 0.000 
