5 0 -830.506 774.386
15 20 -635.895 -3.833
C0000004 0.000 1500.000 9.000 I
C0000009 0.000 1500.000 -37.000 I
C0000011 0.000 1500.000 -46.000 I
C0000017 0.000 1500.000 47.000 I
C0000019 0.000 1500.000 -16.000 I
C0000000 0.000 1500.000 39.000 -39.000 C
C0000001 0.000 1500.000 15.000 -23.000 C
C0000002 0.000 1500.000 -17.000 31.000 C
C0000003 0.000 1500.000 -16.000 -21.000 C
C0000005 0.000 1500.000 48.000 2.000 C
C0000006 0.000 1500.000 19.000 -18.000 C
C0000007 0.000 1500.000 -42.000 49.000 C
C0000008 0.000 1500.000 -32.000 36.000 C
C0000010 0.000 1500.000 -35.000 -29.000 C
C0000012 0.000 1500.000 -38.000 34.000 C
C0000013 0.000 1500.000 -18.000 -33.000 C
C0000014 0.000 1500.000 -41.000 -34.000 C
C0000015 0.000 1500.000 40.000 13.000 C
C0000016 0.000 1500.000 -48.000 21.000 C
C0000018 0.000 1500.000 13.000 -10.000 C
R0000000 > -727.000 -38.000 0.000 0.000 0.000 -26.000 0.000 -14.000 -37.000 -9.000 -41.000 -42.000 -49.000 0.000 -23.000 0.000 -14.000 -30.000 -2.000 -36.000 0.000 
R0000001 > -392.000 -19.000 0.000 -35.000 0.000 -37.000 -15.000 0.000 0.000 -11.000 -4.000 0.000 -42.000 -38.000 -11.000 -44.000 -25.000 -1.000 -3.000 -8.000 -27.000 
R0000002 > -243.000 -15.000 0.000 0.000 0.000 -27.000 0.000 0.000 0.000 -21.000 -13.000 0.000 -7.000 0.000 0.000 -31.000 0.000 -24.000 0.000 0.000 0.000 
R0000003 > -472.000 -44.000 -23.000 0.000 0.000 0.000 0.000 -23.000 -8.000 -37.000 -24.000 -50.000 0.000 -4.000 -27.000 0.000 -39.000 0.000 -39.000 -12.000 -16.000 
R0000004 > -275.000 -30.000 0.000 0.000 -12.000 -47.000 -34.000 -17.000 -27.000 -15.000 -19.000 -20.000 -30.000 -10.000 0.000 -45.000 0.000 0.000 0.000 -8.000 -4.000 
R0000005 > -673.000 -1.000 0.000 -40.000 -27.000 -10.000 -34.000 0.000 -4.000 -11.000 -34.000 -36.000 -10.000 -21.000 -41.000 -39.000 -41.000 -17.000 -23.000 0.000 -34.000 
R0000006 > -721.000 -19.000 -25.000 -27.000 -46.000 -12.000 -25.000 -45.000 -41.000 -25.000 -34.000 -44.000 -36.000 -31.000 -13.000 -17.000 -23.000 -36.000 -14.000 -41.000 -1.000 
R0000007 > -503.000 -15.000 -47.000 -45.000 -44.000 -1.000 -17.000 0.000 -29.000 -24.000 0.000 -24.000 0.000 -35.000 -33.000 0.000 -36.000 -34.000 -9.000 -17.000 -26.000 
R0000008 > -326.000 -27.000 -29.000 -40.000 -3.000 0.000 0.000 -23.000 0.000 -42.000 0.000 -31.000 -22.000 0.000 0.000 -38.000 -10.000 0.000 -16.000 -26.000 0.000 
R0000009 > -549.000 -6.000 -45.000 -5.000 -48.000 -11.000 -19.000 -27.000 -40.000 0.000 0.000 -17.000 -17.000 -24.000 -22.000 -50.000 -4.000 -46.000 -34.000 -31.000 -35.000 
R0000010 > -638.000 -29.000 -22.000 -16.000 -2.000 -1.000 -32.000 -42.000 -17.000 -4.000 -7.000 -37.000 -41.000 -50.000 -32.000 -47.000 -14.000 -21.000 -25.000 -39.000 -24.000 
R0000011 > -656.000 0.000 -37.000 -44.000 0.000 0.000 -44.000 -14.000 0.000 0.000 -39.000 0.000 0.000 -15.000 -26.000 -37.000 -31.000 -45.000 0.000 -21.000 -20.000 
R0000012 > -419.000 -18.000 -29.000 -37.000 -26.000 -33.000 -40.000 0.000 -9.000 0.000 0.000 -26.000 -9.000 -27.000 0.000 0.000 -10.000 -32.000 -19.000 -48.000 -28.000 
R0000013 > -435.000 -20.000 0.000 -50.000 -10.000 -23.000 0.000 -20.000 -46.000 0.000 -49.000 -29.000 0.000 -29.000 0.000 0.000 -39.000 0.000 0.000 0.000 -18.000 
R0000014 > -436.000 -2.000 -24.000 -38.000 -8.000 -22.000 -38.000 -34.000 -17.000 -1.000 0.000 -6.000 -26.000 -33.000 -6.000 0.000 -22.000 -2.000 -45.000 0.000 -1.000 
R0000015 > -362.000 -15.000 0.000 -28.000 0.000 0.000 -49.000 -41.000 0.000 0.000 0.000 0.000 0.000 -21.000 0.000 0.000 0.000 -32.000 -22.000 -35.000 -38.000 
R0000016 > -219.000 -10.000 -34.000 -11.000 -18.000 -8.000 0.000 0.000 -30.000 -27.000 -30.000 -3.000 -4.000 -16.000 0.000 0.000 -16.000 0.000 0.000 -48.000 0.000 
R0000017 > -308.000 0.000 -20.000 -41.000 -8.000 -21.000 0.000 0.000 -29.000 -41.000 -37.000 -9.000 0.000 0.000 0.000 -13.000 -32.000 0.000 0.000 0.000 0.000 
R0000018 > -429.000 -32.000 -42.000 -17.000 -39.000 -31.000 -36.000 -18.000 0.000 0.000 0.000 -35.000 -19.000 0.000 0.000 -46.000 -8.000 -42.000 -7.000 0.000 -6.000 
R0000019 > -754.000 -42.000 -2.000 -2.000 -8.000 -39.000 -30.000 -19.000 -42.000 -49.000 -43.000 -2.000 -37.000 -39.000 -15.000 -37.000 -32.000 -37.000 -14.000 -42.000 -10.000 
