5 0 -268.919 371.699
10 20 -430.130 -2.449
C0000003 0.000 1500.000 -10.000 I
C0000007 0.000 1500.000 24.000 I
C0000009 0.000 1500.000 26.000 I
C0000011 0.000 1500.000 -11.000 I
C0000013 0.000 1500.000 38.000 I
C0000000 0.000 1500.000 -45.000 -30.000 C
C0000001 0.000 1500.000 35.000 -8.000 C
C0000002 0.000 1500.000 30.000 -2.000 C
C0000004 0.000 1500.000 1.000 -26.000 C
C0000005 0.000 1500.000 26.000 -8.000 C
C0000006 0.000 1500.000 -43.000 -17.000 C
C0000008 0.000 1500.000 -19.000 49.000 C
C0000010 0.000 1500.000 -3.000 -34.000 C
C0000012 0.000 1500.000 -32.000 -18.000 C
C0000014 0.000 1500.000 -25.000 -33.000 C
R0000000 > -441.000 -31.000 -49.000 -41.000 -38.000 -7.000 0.000 -10.000 -8.000 -19.000 0.000 -38.000 -40.000 -47.000 -13.000 -48.000 
R0000001 > -539.000 -43.000 0.000 -39.000 -35.000 -33.000 -3.000 0.000 -42.000 -3.000 -22.000 -32.000 0.000 0.000 0.000 -20.000 
R0000002 > -492.000 0.000 -26.000 0.000 -49.000 -35.000 -37.000 -23.000 0.000 -11.000 -19.000 0.000 -3.000 -11.000 0.000 0.000 
R0000003 > -368.000 0.000 0.000 0.000 -31.000 -13.000 0.000 -18.000 -3.000 0.000 -12.000 0.000 0.000 -38.000 0.000 -25.000 
R0000004 > -391.000 -28.000 -11.000 -38.000 -6.000 -11.000 -36.000 -21.000 -36.000 -8.000 -34.000 -50.000 -32.000 -8.000 -4.000 -41.000 
R0000005 > -422.000 -41.000 -5.000 -14.000 -16.000 -6.000 -45.000 -50.000 -26.000 -6.000 -19.000 -35.000 -24.000 -42.000 -7.000 -49.000 
R0000006 > -326.000 -49.000 0.000 0.000 -10.000 -32.000 0.000 0.000 0.000 -11.000 -18.000 0.000 -4.000 -25.000 -11.000 -29.000 
R0000007 > -186.000 0.000 0.000 0.000 0.000 0.000 -36.000 0.000 -21.000 0.000 0.000 0.000 -39.000 -34.000 -6.000 0.000 
R0000008 > -331.000 -12.000 0.000 -6.000 -6.000 -5.000 -14.000 0.000 -8.000 -17.000 -44.000 -33.000 -22.000 -9.000 -28.000 -39.000 
R0000009 > -152.000 0.000 -47.000 -2.000 0.000 0.000 -1.000 0.000 -29.000 0.000 -9.000 -13.000 0.000 0.000 0.000 0.000 
R0000010 > -363.000 0.000 -13.000 -27.000 0.000 0.000 0.000 -41.000 -39.000 -43.000 -9.000 -12.000 -21.000 -14.000 -21.000 -6.000 
R0000011 > -453.000 -11.000 -1.000 0.000 -26.000 -11.000 -31.000 0.000 -28.000 -50.000 -7.000 0.000 -5.000 0.000 -23.000 -14.000 
R0000012 > -516.000 -33.000 0.000 -42.000 -44.000 -15.000 -8.000 0.000 -46.000 -10.000 -7.000 0.000 0.000 -3.000 0.000 -25.000 
R0000013 > -105.000 -13.000 0.000 0.000 0.000 -35.000 -15.000 -31.000 0.000 0.000 0.000 -39.000 -30.000 0.000 -21.000 -40.000 
R0000014 > -235.000 -31.000 -25.000 -3.000 0.000 -34.000 -34.000 0.000 0.000 0.000 -16.000 -43.000 0.000 -23.000 -41.000 -36.000 
R0000015 > -489.000 -26.000 -4.000 -41.000 -40.000 -12.000 0.000 0.000 -25.000 -17.000 0.000 0.000 -29.000 -34.000 -46.000 -26.000 
R0000016 > -255.000 -29.000 -50.000 -5.000 0.000 -28.000 0.000 -23.000 -22.000 -25.000 -2.000 -21.000 0.000 0.000 -10.000 -42.000 
R0000017 > -348.000 -44.000 0.000 -37.000 -21.000 -47.000 -49.000 -12.000 0.000 -10.000 -18.000 -7.000 -13.000 0.000 -41.000 -28.000 
R0000018 > -491.000 -20.000 -33.000 -49.000 0.000 -29.000 -40.000 0.000 -34.000 -19.000 -19.000 0.000 0.000 -45.000 -28.000 0.000 
R0000019 > -533.000 -36.000 -9.000 -38.000 -46.000 -17.000 -34.000 -7.000 -22.000 0.000 -11.000 -40.000 -30.000 -40.000 -23.000 -25.000 
