10 0 -468.462 466.480
10 20 -537.462 -0.000
C0000000 0.000 1500.000 -17.000 I
C0000001 0.000 1500.000 -23.000 I
C0000004 0.000 1500.000 12.000 I
C0000011 0.000 1500.000 -30.000 I
C0000012 0.000 1500.000 -32.000 I
C0000013 0.000 1500.000 -23.000 I
C0000015 0.000 1500.000 -26.000 I
C0000016 0.000 1500.000 9.000 I
C0000017 0.000 1500.000 -9.000 I
C0000018 0.000 1500.000 -6.000 I
C0000002 0.000 1500.000 49.000 -31.000 C
C0000003 0.000 1500.000 25.000 -20.000 C
C0000005 0.000 1500.000 -6.000 2.000 C
C0000006 0.000 1500.000 -18.000 48.000 C
C0000007 0.000 1500.000 -13.000 30.000 C
C0000008 0.000 1500.000 -40.000 6.000 C
C0000009 0.000 1500.000 35.000 18.000 C
C0000010 0.000 1500.000 -4.000 14.000 C
C0000014 0.000 1500.000 -8.000 -36.000 C
C0000019 0.000 1500.000 19.000 34.000 C
R0000000 > -494.000 -20.000 0.000 -11.000 -8.000 0.000 -28.000 -42.000 -33.000 -27.000 -12.000 -26.000 0.000 -39.000 -5.000 -28.000 0.000 -50.000 0.000 -30.000 -44.000 
R0000001 > -574.000 -6.000 -43.000 -29.000 -28.000 0.000 0.000 -1.000 0.000 -41.000 0.000 -34.000 -29.000 -41.000 0.000 -12.000 -4.000 0.000 -6.000 0.000 -2.000 
R0000002 > -651.000 -5.000 -38.000 -32.000 -30.000 -8.000 -30.000 -38.000 -38.000 -35.000 -26.000 0.000 -23.000 -39.000 -34.000 -10.000 -17.000 -14.000 0.000 -7.000 -42.000 
R0000003 > -435.000 -47.000 -10.000 -35.000 0.000 -36.000 -42.000 -17.000 0.000 -1.000 -22.000 -32.000 -8.000 -24.000 -42.000 -8.000 -33.000 -47.000 -2.000 -4.000 -15.000 
R0000004 > -476.000 0.000 -16.000 0.000 -19.000 0.000 -25.000 -26.000 -50.000 0.000 0.000 -50.000 -39.000 -17.000 0.000 -16.000 -40.000 -41.000 0.000 0.000 -36.000 
R0000005 > -867.000 -33.000 -10.000 -22.000 -42.000 -12.000 -1.000 -39.000 0.000 -47.000 -14.000 0.000 -50.000 -46.000 -8.000 -33.000 -44.000 -9.000 -45.000 -1.000 -19.000 
R0000006 > -620.000 -17.000 -42.000 0.000 -49.000 -18.000 0.000 -37.000 -38.000 -9.000 0.000 0.000 -9.000 -10.000 -18.000 -6.000 -29.000 -18.000 0.000 -45.000 -30.000 
R0000007 > -144.000 0.000 -36.000 -36.000 0.000 0.000 -23.000 -31.000 0.000 0.000 -1.000 0.000 0.000 -46.000 -46.000 -16.000 -13.000 0.000 -5.000 0.000 0.000 
R0000008 > -393.000 -5.000 0.000 0.000 -34.000 0.000 0.000 0.000 0.000 0.000 -41.000 0.000 0.000 -21.000 -35.000 -22.000 0.000 0.000 0.000 0.000 -45.000 
R0000009 > -860.000 -16.000 -46.000 -27.000 -39.000 -28.000 -18.000 -23.000 -1.000 -49.000 -12.000 -5.000 -11.000 0.000 -35.000 -32.000 -41.000 -21.000 -35.000 -19.000 0.000 
R0000010 > -658.000 -1.000 -15.000 0.000 -21.000 -39.000 -36.000 -16.000 -14.000 -33.000 -14.000 -42.000 -43.000 -48.000 -37.000 0.000 -3.000 -14.000 -38.000 -22.000 0.000 
R0000011 > -753.000 0.000 -50.000 -43.000 -44.000 -21.000 -28.000 -29.000 -22.000 0.000 -38.000 0.000 -14.000 -10.000 -50.000 -38.000 -19.000 -40.000 -16.000 -28.000 -32.000 
R0000012 > -251.000 -46.000 0.000 0.000 0.000 0.000 0.000 0.000 0.000 0.000 -42.000 0.000 0.000 -9.000 0.000 -34.000 0.000 0.000 0.000 -33.000 0.000 
R0000013 > -245.000 -49.000 0.000 0.000 -7.000 -16.000 0.000 -49.000 -9.000 0.000 -26.000 0.000 0.000 -36.000 0.000 -12.000 0.000 0.000 0.000 -34.000 0.000 
R0000014 > -543.000 0.000 -5.000 -3.000 0.000 -13.000 -6.000 -48.000 -47.000 -28.000 -23.000 -50.000 -6.000 -8.000 0.000 -27.000 -41.000 -16.000 -12.000 -28.000 -46.000 
R0000015 > -584.000 -41.000 -4.000 0.000 -7.000 -28.000 -41.000 -3.000 -2.000 -26.000 -7.000 -50.000 0.000 -16.000 -43.000 -46.000 -46.000 -30.000 -19.000 -4.000 -22.000 
R0000016 > -913.000 -44.000 -18.000 -40.000 -30.000 -44.000 -19.000 -11.000 -29.000 -24.000 -43.000 -7.000 -48.000 -31.000 -27.000 -39.000 -12.000 -48.000 -43.000 -46.000 -4.000 
R0000017 > -509.000 -41.000 0.000 0.000 -2.000 -12.000 -38.000 -1.000 -45.000 -27.000 0.000 -15.000 0.000 -22.000 -16.000 -17.000 -29.000 -37.000 -36.000 -10.000 -11.000 
R0000018 > -562.000 -27.000 -36.000 -2.000 0.000 -50.000 0.000 -34.000 -20.000 -40.000 -31.000 0.000 -4.000 -35.000 0.000 -22.000 -12.000 -12.000 0.000 -13.000 -47.000 
R0000019 > -378.000 -39.000 -44.000 0.000 -4.000 0.000 -4.000 -49.000 -17.000 0.000 -30.000 -15.000 0.000 0.000 -23.000 0.000 0.000 -14.000 0.000 0.000 0.000 
