15 0 -862.209 1008.089
5 20 -211.083 -0.000
C0000001 0.000 1500.000 -22.000 I
C0000002 0.000 1500.000 43.000 I
C0000003 0.000 1500.000 -9.000 I
C0000004 0.000 1500.000 -7.000 I
C0000007 0.000 1500.000 49.000 I
C0000009 0.000 1500.000 33.000 I
C0000010 0.000 1500.000 9.000 I
C0000011 0.000 1500.000 -37.000 I
C0000012 0.000 1500.000 9.000 I
C0000013 0.000 1500.000 2.000 I
C0000014 0.000 1500.000 33.000 I
C0000015 0.000 1500.000 28.000 I
C0000017 0.000 1500.000 -17.000 I
C0000018 0.000 1500.000 24.000 I
C0000019 0.000 1500.000 -34.000 I
C0000000 0.000 1500.000 -36.000 -17.000 C
C0000005 0.000 1500.000 2.000 29.000 C
C0000006 0.000 1500.000 22.000 34.000 C
C0000008 0.000 1500.000 5.000 26.000 C
C0000016 0.000 1500.000 44.000 47.000 C
R0000000 > -841.000 -9.000 -33.000 -10.000 0.000 -33.000 0.000 -45.000 -20.000 -34.000 -4.000 0.000 -49.000 -11.000 0.000 -26.000 0.000 0.000 0.000 -35.000 0.000 
R0000001 > -750.000 -43.000 -18.000 0.000 0.000 0.000 -43.000 -37.000 -18.000 -4.000 -40.000 -46.000 -43.000 0.000 -4.000 0.000 -42.000 -48.000 0.000 -22.000 -33.000 
R0000002 > -1112.000 0.000 -49.000 -14.000 -8.000 -50.000 -38.000 -2.000 -25.000 -36.000 -43.000 -38.000 -36.000 -6.000 -36.000 0.000 -13.000 -22.000 -41.000 -28.000 -18.000 
R0000003 > -863.000 -28.000 -1.000 -39.000 -4.000 -6.000 -47.000 0.000 -22.000 -37.000 -3.000 -19.000 -48.000 -8.000 0.000 -50.000 -16.000 -45.000 0.000 -26.000 -3.000 
R0000004 > -197.000 0.000 0.000 0.000 -7.000 0.000 -3.000 -13.000 -3.000 0.000 0.000 -40.000 -2.000 0.000 -4.000 0.000 0.000 0.000 -7.000 0.000 0.000 
R0000005 > -898.000 -3.000 -1.000 -34.000 -36.000 0.000 -26.000 -31.000 -5.000 -9.000 -8.000 -34.000 -38.000 -47.000 -31.000 -6.000 -19.000 -29.000 -42.000 0.000 -16.000 
R0000006 > -862.000 -49.000 -48.000 0.000 -42.000 0.000 -41.000 -19.000 -24.000 -8.000 -46.000 -31.000 0.000 -38.000 -6.000 -37.000 -23.000 -45.000 -9.000 -40.000 0.000 
R0000007 > -666.000 -33.000 0.000 -46.000 -18.000 -40.000 0.000 0.000 0.000 -49.000 0.000 -28.000 -14.000 -36.000 0.000 0.000 0.000 -25.000 0.000 -8.000 0.000 
R0000008 > -954.000 -42.000 -28.000 0.000 -36.000 -5.000 -10.000 -35.000 -17.000 -29.000 -19.000 -32.000 -9.000 -42.000 -35.000 -23.000 -6.000 -24.000 0.000 -18.000 -49.000 
R0000009 > -1015.000 -14.000 0.000 -31.000 -45.000 -18.000 -26.000 0.000 -38.000 -18.000 -7.000 -12.000 -44.000 0.000 -49.000 -47.000 -16.000 -30.000 -20.000 -17.000 0.000 
R0000010 > -596.000 -5.000 0.000 -50.000 -17.000 -16.000 0.000 -3.000 0.000 -11.000 -42.000 0.000 -34.000 -47.000 -23.000 -16.000 -48.000 -28.000 -2.000 -33.000 0.000 
R0000011 > -1051.000 -50.000 -45.000 -24.000 -45.000 -26.000 -47.000 -17.000 -21.000 0.000 0.000 0.000 0.000 0.000 -33.000 -35.000 0.000 -44.000 -20.000 -23.000 -23.000 
R0000012 > -443.000 0.000 -42.000 0.000 0.000 -42.000 -19.000 0.000 0.000 0.000 -12.000 -11.000 -1.000 0.000 0.000 -40.000 -18.000 -1.000 0.000 -39.000 -48.000 
R0000013 > -266.000 0.000 -11.000 0.000 0.000 0.000 0.000 0.000 -21.000 0.000 -18.000 -33.000 0.000 0.000 -11.000 -19.000 0.000 0.000 0.000 -50.000 0.000 
R0000014 > -1011.000 -11.000 -10.000 -39.000 0.000 0.000 -43.000 -44.000 -14.000 -49.000 0.000 -15.000 -28.000 0.000 0.000 -38.000 0.000 -50.000 -27.000 -12.000 0.000 
R0000015 > -479.000 0.000 0.000 0.000 -6.000 0.000 -29.000 0.000 -15.000 -23.000 0.000 -23.000 -30.000 -21.000 -14.000 -36.000 0.000 -41.000 -4.000 -35.000 0.000 
R0000016 > -741.000 -32.000 0.000 -24.000 -25.000 -4.000 -1.000 -15.000 -43.000 0.000 0.000 0.000 -42.000 0.000 -28.000 0.000 -43.000 -47.000 -19.000 -45.000 -36.000 
R0000017 > -1026.000 -6.000 -34.000 -32.000 -36.000 -9.000 -6.000 -4.000 -34.000 -18.000 -9.000 -13.000 -29.000 -24.000 -47.000 -20.000 -36.000 -23.000 -25.000 -5.000 -10.000 
R0000018 > -933.000 -19.000 -49.000 -18.000 -2.000 -41.000 0.000 -28.000 -38.000 -33.000 0.000 0.000 -11.000 -50.000 -26.000 0.000 -40.000 0.000 0.000 -39.000 -20.000 
R0000019 > -874.000 -17.000 -5.000 0.000 -11.000 0.000 -27.000 -46.000 -26.000 -49.000 -44.000 -27.000 -11.000 -4.000 -13.000 -35.000 0.000 0.000 -16.000 0.000 -40.000 
