10 0 -441.983 637.331
10 20 -218.262 -0.000
C0000000 0.000 1500.000 -6.000 I
C0000003 0.000 1500.000 -3.000 I
C0000004 0.000 1500.000 -7.000 I
C0000005 0.000 1500.000 -4.000 I
C0000008 0.000 1500.000 22.000 I
C0000011 0.000 1500.000 -5.000 I
C0000014 0.000 1500.000 -37.000 I
C0000015 0.000 1500.000 33.000 I
C0000017 0.000 1500.000 -12.000 I
C0000019 0.000 1500.000 41.000 I
C0000001 0.000 1500.000 36.000 -18.000 C
C0000002 0.000 1500.000 46.000 8.000 C
C0000006 0.000 1500.000 22.000 36.000 C
C0000007 0.000 1500.000 3.000 44.000 C
C0000009 0.000 1500.000 -26.000 49.000 C
C0000010 0.000 1500.000 -25.000 12.000 C
C0000012 0.000 1500.000 -2.000 16.000 C
C0000013 0.000 1500.000 -5.000 13.000 C
C0000016 0.000 1500.000 9.000 16.000 C
C0000018 0.000 1500.000 -5.000 -17.000 C
R0000000 > -584.000 -7.000 -50.000 -37.000 -43.000 -2.000 -37.000 -27.000 0.000 -29.000 -13.000 -15.000 -14.000 -7.000 -15.000 -20.000 0.000 -24.000 0.000 -24.000 -45.000 
R0000001 > -408.000 0.000 -21.000 -48.000 -43.000 -12.000 -22.000 -3.000 -16.000 -50.000 -29.000 -16.000 -11.000 -34.000 0.000 -12.000 -3.000 -1.000 -49.000 -43.000 -35.000 
R0000002 > -734.000 -19.000 -33.000 -14.000 -4.000 -11.000 -24.000 -7.000 -49.000 -31.000 -1.000 -49.000 -2.000 -42.000 -13.000 -43.000 -41.000 -23.000 -3.000 -21.000 -8.000 
R0000003 > -392.000 -22.000 -20.000 -26.000 -29.000 -14.000 -31.000 -45.000 0.000 -28.000 -13.000 0.000 -11.000 -3.000 -13.000 -9.000 -27.000 0.000 -5.000 0.000 -5.000 
R0000004 > -493.000 -23.000 0.000 -37.000 -27.000 -3.000 -13.000 0.000 -20.000 -8.000 -23.000 -28.000 -12.000 -18.000 -36.000 -12.000 -15.000 -33.000 0.000 -38.000 -37.000 
R0000005 > -485.000 -9.000 -34.000 -4.000 -45.000 0.000 -20.000 -38.000 -31.000 -11.000 -29.000 0.000 0.000 -37.000 -18.000 -15.000 0.000 -41.000 -1.000 -7.000 0.000 
R0000006 > -512.000 0.000 -41.000 0.000 0.000 0.000 0.000 -50.000 0.000 -2.000 0.000 0.000 -28.000 0.000 -22.000 0.000 -24.000 -47.000 -13.000 0.000 0.000 
R0000007 > -622.000 -4.000 -23.000 -1.000 0.000 -6.000 -17.000 -41.000 -29.000 -41.000 -37.000 -48.000 -26.000 -49.000 -43.000 0.000 -28.000 0.000 -25.000 -5.000 -44.000 
R0000008 > -325.000 -36.000 0.000 -12.000 0.000 -37.000 -44.000 -31.000 0.000 -25.000 -15.000 -4.000 -46.000 -28.000 -2.000 -6.000 0.000 0.000 0.000 -5.000 0.000 
R0000009 > -732.000 -45.000 -34.000 -20.000 -38.000 -44.000 -46.000 -49.000 -10.000 -11.000 -5.000 -7.000 -38.000 -3.000 -16.000 -8.000 -30.000 -8.000 -20.000 -31.000 -7.000 
R0000010 > -634.000 -11.000 -31.000 -6.000 0.000 -14.000 0.000 -27.000 -3.000 -28.000 0.000 -23.000 -5.000 -1.000 -10.000 -33.000 -37.000 -44.000 -10.000 -21.000 -46.000 
R0000011 > -94.000 -39.000 0.000 -34.000 0.000 -19.000 0.000 0.000 0.000 -13.000 -7.000 0.000 -18.000 0.000 -19.000 -17.000 0.000 -12.000 -22.000 0.000 -27.000 
R0000012 > -586.000 -14.000 -36.000 -44.000 -21.000 -2.000 -30.000 -27.000 -36.000 -7.000 -44.000 -31.000 -45.000 -32.000 -44.000 -18.000 -32.000 -13.000 -21.000 0.000 -12.000 
R0000013 > -376.000 0.000 0.000 0.000 0.000 0.000 -10.000 0.000 -17.000 0.000 -18.000 -39.000 -21.000 -50.000 0.000 0.000 0.000 -48.000 -36.000 0.000 -9.000 
R0000014 > -615.000 -2.000 -14.000 -49.000 0.000 -47.000 -43.000 -29.000 -17.000 -24.000 -33.000 -28.000 -38.000 -15.000 -37.000 -46.000 -30.000 -35.000 0.000 0.000 -41.000 
R0000015 > -433.000 -33.000 -31.000 0.000 0.000 0.000 0.000 -38.000 -33.000 -1.000 -21.000 0.000 -38.000 -9.000 -36.000 -23.000 0.000 -6.000 -49.000 -26.000 0.000 
R0000016 > -547.000 -44.000 -28.000 -7.000 -44.000 -10.000 -42.000 -11.000 -49.000 -5.000 0.000 -41.000 -26.000 -22.000 0.000 -41.000 0.000 -9.000 -49.000 0.000 -21.000 
R0000017 > -541.000 -20.000 -26.000 -8.000 -47.000 0.000 -15.000 -40.000 -12.000 0.000 0.000 -37.000 -3.000 -2.000 0.000 0.000 0.000 0.000 0.000 -14.000 -23.000 
R0000018 > -106.000 0.000 -18.000 -8.000 -50.000 -10.000 0.000 0.000 0.000 0.000 -28.000 0.000 0.000 0.000 -15.000 0.000 -15.000 -4.000 -23.000 0.000 -30.000 
R0000019 > -768.000 -46.000 -14.000 0.000 0.000 -48.000 -46.000 -42.000 -49.000 -14.000 -30.000 -23.000 -35.000 -36.000 -44.000 0.000 -34.000 -20.000 -42.000 -20.000 -39.000 
