15 0 -192.039 244.177
5 20 -92.552 -0.000
C0000000 0.000 1500.000 33.000 I
C0000001 0.000 1500.000 15.000 I
C0000003 0.000 1500.000 49.000 I
C0000004 0.000 1500.000 -1.000 I
C0000005 0.000 1500.000 -48.000 I
C0000006 0.000 1500.000 33.000 I
C0000008 0.000 1500.000 23.000 I
C0000010 0.000 1500.000 -14.000 I
C0000011 0.000 1500.000 42.000 I
C0000013 0.000 1500.000 -31.000 I
C0000014 0.000 1500.000 -26.000 I
C0000015 0.000 1500.000 31.000 I
C0000016 0.000 1500.000 31.000 I
C0000017 0.000 1500.000 -32.000 I
C0000019 0.000 1500.000 13.000 I
C0000002 0.000 1500.000 38.000 0.000 C
C0000007 0.000 1500.000 -31.000 0.000 C
C0000009 0.000 1500.000 -12.000 0.000 C
C0000012 0.000 1500.000 36.000 0.000 C
C0000018 0.000 1500.000 -8.000 -44.000 C
R0000000 > -302.000 -24.000 -21.000 -24.000 -10.000 0.000 -8.000 -18.000 -50.000 -19.000 -3.000 -46.000 -8.000 -29.000 -17.000 0.000 -49.000 0.000 0.000 -36.000 0.000 
R0000001 > -474.000 -26.000 0.000 -29.000 -30.000 -19.000 -47.000 0.000 -4.000 0.000 -33.000 0.000 0.000 0.000 0.000 0.000 -11.000 0.000 -4.000 -42.000 0.000 
R0000002 > -398.000 -41.000 0.000 -34.000 -20.000 -10.000 0.000 -25.000 0.000 -22.000 -7.000 0.000 0.000 -1.000 0.000 0.000 -42.000 -30.000 -15.000 0.000 -11.000 
R0000003 > -595.000 -47.000 -42.000 -28.000 -8.000 -35.000 0.000 0.000 0.000 -24.000 -32.000 -33.000 -37.000 -17.000 -21.000 -38.000 -49.000 -44.000 0.000 -37.000 0.000 
R0000004 > -361.000 -5.000 -2.000 -30.000 -40.000 -18.000 -13.000 -2.000 -46.000 0.000 0.000 -9.000 -36.000 -17.000 -38.000 -40.000 -31.000 -3.000 -15.000 -10.000 -21.000 
R0000005 > -320.000 0.000 -3.000 0.000 -18.000 -3.000 -18.000 0.000 -12.000 -26.000 -14.000 0.000 -42.000 -25.000 -14.000 -34.000 -43.000 0.000 -41.000 -47.000 -45.000 
R0000006 > -404.000 -9.000 -31.000 -31.000 -50.000 -28.000 -13.000 -21.000 -43.000 -29.000 -3.000 0.000 -1.000 -16.000 -48.000 -28.000 -24.000 -19.000 -42.000 -37.000 -48.000 
R0000007 > -654.000 -20.000 -20.000 -50.000 -29.000 -7.000 -40.000 -6.000 -5.000 -35.000 -46.000 -10.000 -46.000 -1.000 -3.000 -5.000 -17.000 -2.000 -25.000 -12.000 -26.000 
R0000008 > -595.000 -31.000 0.000 -15.000 -25.000 -39.000 -6.000 -25.000 -33.000 -10.000 -36.000 -6.000 -10.000 -45.000 -15.000 -8.000 -49.000 -46.000 -47.000 -25.000 -32.000 
R0000009 > -250.000 0.000 -24.000 0.000 -26.000 0.000 -29.000 0.000 0.000 0.000 -20.000 -45.000 -10.000 0.000 -1.000 -2.000 0.000 0.000 -50.000 0.000 0.000 
R0000010 > -512.000 -43.000 0.000 -2.000 -39.000 -4.000 -9.000 -48.000 -4.000 -6.000 -8.000 -33.000 -6.000 -21.000 -47.000 -9.000 -16.000 -46.000 -18.000 -21.000 -34.000 
R0000011 > -562.000 -50.000 -24.000 -50.000 -19.000 -12.000 -39.000 -34.000 -4.000 -41.000 -8.000 -9.000 -36.000 -7.000 -29.000 -27.000 -22.000 -7.000 -50.000 -11.000 -36.000 
R0000012 > -673.000 -46.000 -25.000 -45.000 -49.000 -36.000 -12.000 -31.000 -30.000 -14.000 -27.000 -30.000 -2.000 0.000 0.000 -28.000 -32.000 -25.000 0.000 -16.000 -28.000 
R0000013 > -233.000 0.000 -13.000 0.000 -18.000 -24.000 -40.000 -42.000 -18.000 -26.000 -3.000 -42.000 -18.000 -33.000 -22.000 -22.000 -8.000 -8.000 -8.000 -35.000 -25.000 
R0000014 > -294.000 -35.000 -7.000 0.000 0.000 0.000 -34.000 -15.000 0.000 0.000 -23.000 -45.000 -2.000 0.000 0.000 0.000 0.000 -49.000 -18.000 -20.000 -9.000 
R0000015 > -370.000 -20.000 0.000 0.000 -41.000 -35.000 -19.000 0.000 -10.000 0.000 -13.000 -13.000 0.000 0.000 0.000 -18.000 0.000 0.000 0.000 -8.000 0.000 
R0000016 > -399.000 -26.000 -14.000 -37.000 -27.000 -48.000 -19.000 -37.000 -21.000 -24.000 -11.000 -19.000 -2.000 -7.000 -10.000 -35.000 -20.000 -39.000 0.000 -3.000 -21.000 
R0000017 > -268.000 -6.000 -32.000 0.000 0.000 -6.000 -40.000 -3.000 0.000 -5.000 -11.000 -44.000 -48.000 -41.000 -42.000 -32.000 -36.000 -41.000 -14.000 0.000 -1.000 
R0000018 > -61.000 -8.000 0.000 -7.000 0.000 -18.000 0.000 -9.000 -38.000 -14.000 0.000 0.000 0.000 0.000 -42.000 -12.000 0.000 -6.000 0.000 0.000 -29.000 
R0000019 > -58.000 0.000 -19.000 0.000 0.000 -44.000 0.000 -37.000 -17.000 -37.000 -3.000 -13.000 -3.000 0.000 -47.000 -16.000 0.000 0.000 0.000 -47.000 -15.000 
