15 0 -397.892 468.829
5 20 -270.804 -0.000
C0000001 0.000 1500.000 39.000 I
C0000002 0.000 1500.000 -22.000 I
C0000003 0.000 1500.000 -44.000 I
C0000004 0.000 1500.000 -32.000 I
C0000005 0.000 1500.000 15.000 I
C0000006 0.000 1500.000 -40.000 I
C0000007 0.000 1500.000 -17.000 I
C0000009 0.000 1500.000 -16.000 I
C0000012 0.000 1500.000 -4.000 I
C0000013 0.000 1500.000 -32.000 I
C0000014 0.000 1500.000 2.000 I
C0000015 0.000 1500.000 -16.000 I
C0000016 0.000 1500.000 -11.000 I
C0000018 0.000 1500.000 1.000 I
C0000019 0.000 1500.000 40.000 I
C0000000 0.000 1500.000 35.000 -21.000 C
C0000008 0.000 1500.000 -5.000 -8.000 C
C0000010 0.000 1500.000 -22.000 -40.000 C
C0000011 0.000 1500.000 46.000 44.000 C
C0000017 0.000 1500.000 -6.000 12.000 C
R0000000 > -131.000 0.000 -3.000 -38.000 -47.000 -42.000 -37.000 0.000 -24.000 0.000 -8.000 0.000 0.000 0.000 0.000 -30.000 -41.000 0.000 -14.000 0.000 0.000 
R0000001 > -561.000 -3.000 -28.000 -12.000 -38.000 -10.000 -49.000 -45.000 -32.000 -9.000 -25.000 -44.000 -1.000 -12.000 -49.000 -41.000 -31.000 -37.000 -26.000 -19.000 -48.000 
R0000002 > -532.000 0.000 -41.000 -15.000 -8.000 -47.000 -43.000 -35.000 0.000 -5.000 -37.000 -19.000 -14.000 0.000 -47.000 0.000 -22.000 0.000 -36.000 -44.000 -10.000 
R0000003 > -586.000 -36.000 -40.000 0.000 -47.000 -26.000 -5.000 0.000 -1.000 -31.000 -17.000 -22.000 -35.000 0.000 -38.000 -38.000 0.000 -9.000 -16.000 -21.000 -24.000 
R0000004 > -359.000 -15.000 -44.000 -48.000 -17.000 -10.000 0.000 -18.000 -40.000 -42.000 -27.000 0.000 0.000 0.000 0.000 0.000 0.000 0.000 0.000 -46.000 -42.000 
R0000005 > -720.000 -28.000 -45.000 0.000 -27.000 -20.000 -6.000 -50.000 0.000 -50.000 -35.000 -11.000 0.000 0.000 -35.000 0.000 -16.000 -46.000 -41.000 -30.000 -25.000 
R0000006 > -456.000 -27.000 -5.000 -25.000 -50.000 -48.000 -42.000 0.000 -29.000 -9.000 -6.000 0.000 -20.000 -13.000 -5.000 -29.000 0.000 -33.000 -23.000 -13.000 -26.000 
R0000007 > -538.000 -45.000 -9.000 -18.000 -4.000 -18.000 -41.000 -16.000 -31.000 0.000 -15.000 -44.000 0.000 -50.000 0.000 -3.000 -23.000 -40.000 -42.000 -17.000 -44.000 
R0000008 > -456.000 -39.000 -30.000 -14.000 -47.000 -43.000 -15.000 0.000 -36.000 -2.000 -17.000 -45.000 -9.000 -9.000 -11.000 0.000 -44.000 0.000 -36.000 -33.000 -39.000 
R0000009 > -554.000 -25.000 -46.000 -33.000 -14.000 -6.000 -27.000 -7.000 0.000 -46.000 -44.000 -4.000 -23.000 -41.000 -49.000 0.000 0.000 0.000 -36.000 0.000 0.000 
R0000010 > -668.000 -27.000 -39.000 -20.000 -37.000 -45.000 -27.000 -38.000 -16.000 -37.000 -23.000 -45.000 0.000 -34.000 -50.000 -10.000 -45.000 -25.000 0.000 -21.000 -23.000 
R0000011 > -512.000 -46.000 0.000 -15.000 -42.000 -22.000 0.000 -40.000 -8.000 0.000 0.000 -7.000 -38.000 -35.000 -26.000 -30.000 0.000 0.000 -17.000 -13.000 0.000 
R0000012 > -195.000 0.000 -21.000 -13.000 0.000 0.000 0.000 -30.000 -39.000 -38.000 -26.000 0.000 0.000 -10.000 0.000 0.000 0.000 0.000 0.000 -26.000 -13.000 
R0000013 > -528.000 -17.000 -41.000 -28.000 -45.000 -10.000 -18.000 -19.000 -13.000 -15.000 -24.000 -3.000 -8.000 -25.000 -27.000 -20.000 -40.000 -28.000 -36.000 -36.000 -4.000 
R0000014 > -362.000 -21.000 0.000 -33.000 0.000 0.000 -29.000 -29.000 0.000 -41.000 -46.000 -12.000 0.000 -41.000 -25.000 -31.000 -12.000 -29.000 -10.000 -42.000 -1.000 
R0000015 > -534.000 -21.000 0.000 -49.000 -35.000 -49.000 -34.000 -27.000 -44.000 -12.000 -12.000 -16.000 -36.000 -30.000 0.000 -2.000 -29.000 -41.000 -38.000 -42.000 -10.000 
R0000016 > -540.000 -36.000 0.000 -4.000 0.000 0.000 -18.000 -37.000 -31.000 0.000 -31.000 -33.000 -44.000 0.000 -45.000 -37.000 -45.000 -12.000 -11.000 -29.000 -18.000 
R0000017 > -300.000 0.000 -46.000 -8.000 -34.000 0.000 -28.000 0.000 -2.000 0.000 -39.000 0.000 0.000 0.000 -8.000 0.000 0.000 -2.000 -22.000 0.000 -7.000 
R0000018 > -369.000 -45.000 -12.000 -20.000 -16.000 -50.000 0.000 0.000 -7.000 0.000 -47.000 -11.000 -10.000 -5.000 -4.000 -25.000 0.000 0.000 0.000 -46.000 -8.000 
R0000019 > -129.000 0.000 0.000 -22.000 -19.000 -18.000 -30.000 0.000 -48.000 -46.000 -20.000 -3.000 -8.000 -13.000 -27.000 0.000 0.000 0.000 -30.000 -21.000 -5.000 
