25 0 -4819.111 6989.450
5 30 0.000 10199.159
C0000000 0.000 300.000 1.000 I
C0000002 0.000 300.000 15.000 I
C0000003 0.000 300.000 4.000 I
C0000004 0.000 300.000 10.000 I
C0000005 0.000 300.000 16.000 I
C0000006 0.000 300.000 13.000 I
C0000008 0.000 300.000 -3.000 I
C0000009 0.000 300.000 21.000 I
C0000010 0.000 300.000 -9.000 I
C0000011 0.000 300.000 11.000 I
C0000012 0.000 300.000 -17.000 I
C0000013 0.000 300.000 17.000 I
C0000014 0.000 300.000 -22.000 I
C0000015 0.000 300.000 -14.000 I
C0000017 0.000 300.000 -18.000 I
C0000018 0.000 300.000 18.000 I
C0000019 0.000 300.000 -22.000 I
C0000020 0.000 300.000 -19.000 I
C0000021 0.000 300.000 -22.000 I
C0000024 0.000 300.000 11.000 I
C0000025 0.000 300.000 15.000 I
C0000026 0.000 300.000 4.000 I
C0000027 0.000 300.000 2.000 I
C0000028 0.000 300.000 -15.000 I
C0000029 0.000 300.000 -11.000 I
C0000001 0.000 300.000 12.000 0.000 C
C0000007 0.000 300.000 -11.000 21.000 C
C0000016 0.000 300.000 18.000 0.000 C
C0000022 0.000 300.000 6.000 0.000 C
C0000023 0.000 300.000 -9.000 13.000 C
R0000000 < 10.000 0.000 0.000 -9.000 10.000 0.000 -23.000 3.000 0.000 0.000 -24.000 22.000 0.000 -19.000 0.000 21.000 0.000 -15.000 0.000 0.000 0.000 -25.000 -13.000 0.000 29.000 0.000 0.000 0.000 0.000 28.000 7.000 
R0000001 < 166.000 0.000 2.000 14.000 0.000 2.000 17.000 0.000 -7.000 16.000 -21.000 0.000 0.000 -29.000 0.000 0.000 -10.000 2.000 3.000 0.000 -19.000 -1.000 -2.000 -8.000 14.000 10.000 23.000 29.000 0.000 0.000 -13.000 
R0000002 < 73.000 0.000 0.000 0.000 0.000 0.000 17.000 18.000 0.000 -6.000 0.000 -15.000 -10.000 -10.000 0.000 0.000 8.000 0.000 -10.000 11.000 0.000 24.000 -16.000 9.000 0.000 25.000 25.000 0.000 13.000 0.000 0.000 
R0000003 < 54.000 0.000 -21.000 11.000 12.000 30.000 -16.000 -2.000 -5.000 12.000 8.000 -18.000 0.000 -22.000 8.000 4.000 -23.000 0.000 30.000 25.000 -25.000 22.000 15.000 3.000 -18.000 -8.000 -16.000 -18.000 -30.000 6.000 -7.000 
R0000004 < 50.000 -2.000 0.000 0.000 -20.000 4.000 0.000 0.000 0.000 6.000 8.000 -5.000 0.000 0.000 10.000 -18.000 7.000 -24.000 3.000 0.000 3.000 0.000 0.000 24.000 8.000 25.000 -28.000 0.000 0.000 0.000 0.000 
R0000005 < 377.000 9.000 -13.000 0.000 13.000 27.000 18.000 -30.000 0.000 12.000 -26.000 28.000 -8.000 1.000 3.000 -10.000 4.000 2.000 24.000 15.000 0.000 0.000 -2.000 -27.000 27.000 25.000 24.000 18.000 24.000 0.000 -10.000 
R0000006 < -48.000 -11.000 0.000 0.000 0.000 0.000 0.000 -22.000 -23.000 12.000 0.000 -30.000 -8.000 0.000 0.000 0.000 0.000 -10.000 0.000 0.000 -27.000 -26.000 13.000 0.000 0.000 2.000 0.000 13.000 0.000 25.000 0.000 
R0000007 < -278.000 0.000 10.000 -25.000 -7.000 14.000 17.000 -4.000 26.000 0.000 30.000 17.000 3.000 1.000 -30.000 -22.000 -24.000 24.000 -11.000 23.000 -11.000 17.000 -2.000 -21.000 0.000 7.000 0.000 -27.000 6.000 -3.000 20.000 
R0000008 < 53.000 0.000 -24.000 0.000 0.000 0.000 2.000 -21.000 0.000 -15.000 0.000 0.000 0.000 -4.000 -17.000 -17.000 0.000 4.000 27.000 0.000 0.000 0.000 2.000 -10.000 0.000 18.000 11.000 -25.000 0.000 0.000 0.000 
R0000009 < -194.000 23.000 -10.000 -8.000 0.000 22.000 0.000 -3.000 21.000 -24.000 9.000 0.000 15.000 -26.000 19.000 -17.000 1.000 -29.000 -25.000 15.000 -23.000 25.000 19.000 10.000 22.000 -26.000 0.000 3.000 8.000 -24.000 0.000 
R0000010 < 53.000 16.000 26.000 0.000 -11.000 -1.000 0.000 -14.000 -4.000 0.000 0.000 0.000 -30.000 0.000 0.000 0.000 0.000 0.000 0.000 0.000 -2.000 0.000 0.000 0.000 5.000 20.000 0.000 0.000 0.000 0.000 0.000 
R0000011 < -72.000 -9.000 29.000 -23.000 0.000 10.000 18.000 0.000 0.000 8.000 12.000 0.000 0.000 0.000 5.000 21.000 6.000 20.000 0.000 0.000 0.000 0.000 -6.000 0.000 0.000 -11.000 0.000 0.000 10.000 0.000 0.000 
R0000012 < -237.000 22.000 -8.000 -22.000 -19.000 -3.000 -21.000 0.000 28.000 -14.000 -2.000 0.000 3.000 6.000 11.000 -26.000 -4.000 27.000 -28.000 27.000 -9.000 0.000 -26.000 0.000 30.000 -11.000 15.000 -16.000 22.000 -19.000 -22.000 
R0000013 < -39.000 -20.000 0.000 0.000 -25.000 0.000 0.000 -7.000 -19.000 -14.000 14.000 24.000 10.000 0.000 3.000 -5.000 -6.000 -27.000 0.000 0.000 0.000 -10.000 0.000 0.000 -26.000 -19.000 5.000 0.000 18.000 -17.000 0.000 
R0000014 < -18.000 -6.000 10.000 -21.000 -6.000 14.000 19.000 -11.000 0.000 0.000 0.000 0.000 -15.000 0.000 8.000 0.000 27.000 -21.000 10.000 -10.000 0.000 -30.000 22.000 -27.000 -22.000 -17.000 -10.000 10.000 0.000 2.000 0.000 
R0000015 < 55.000 15.000 -12.000 20.000 30.000 20.000 16.000 14.000 -15.000 2.000 15.000 -8.000 -16.000 -2.000 -19.000 -20.000 -5.000 16.000 1.000 12.000 11.000 -3.000 -30.000 23.000 -29.000 -8.000 26.000 -17.000 -7.000 9.000 -4.000 
R0000016 < 17.000 0.000 0.000 0.000 0.000 -18.000 -21.000 0.000 0.000 15.000 30.000 7.000 -26.000 29.000 -21.000 -24.000 0.000 -7.000 0.000 -15.000 14.000 -26.000 0.000 -22.000 0.000 0.000 17.000 7.000 0.000 -29.000 1.000 
R0000017 < 86.000 -15.000 -14.000 0.000 -24.000 -2.000 -21.000 0.000 18.000 -24.000 -21.000 0.000 -4.000 10.000 28.000 7.000 0.000 -1.000 -23.000 0.000 0.000 0.000 26.000 24.000 0.000 11.000 7.000 -18.000 0.000 -24.000 0.000 
R0000018 < -39.000 -6.000 0.000 19.000 5.000 16.000 -7.000 0.000 21.000 23.000 11.000 -15.000 0.000 -3.000 -4.000 0.000 0.000 -2.000 -12.000 -8.000 0.000 4.000 -18.000 22.000 -18.000 -17.000 0.000 28.000 -11.000 -27.000 0.000 
R0000019 < 177.000 0.000 -25.000 0.000 13.000 10.000 -17.000 0.000 -20.000 9.000 0.000 25.000 27.000 0.000 0.000 0.000 0.000 0.000 20.000 0.000 0.000 0.000 15.000 -27.000 -4.000 0.000 0.000 0.000 0.000 0.000 0.000 
R0000020 < -56.000 0.000 14.000 -25.000 -27.000 10.000 -9.000 17.000 0.000 -30.000 -26.000 -24.000 7.000 25.000 -2.000 -29.000 24.000 -19.000 21.000 -29.000 26.000 19.000 -19.000 0.000 27.000 -4.000 11.000 0.000 2.000 23.000 -23.000 
R0000021 < 12.000 0.000 0.000 0.000 0.000 -29.000 0.000 -27.000 0.000 21.000 30.000 -5.000 -9.000 0.000 0.000 0.000 0.000 14.000 0.000 0.000 4.000 0.000 0.000 0.000 -20.000 0.000 0.000 26.000 17.000 -24.000 0.000 
R0000022 < 40.000 1.000 15.000 5.000 -12.000 21.000 15.000 0.000 20.000 -1.000 8.000 25.000 2.000 23.000 -20.000 -6.000 0.000 -18.000 -6.000 4.000 -21.000 0.000 0.000 0.000 0.000 19.000 19.000 -22.000 0.000 0.000 13.000 
R0000023 < 75.000 16.000 -24.000 0.000 -12.000 -26.000 -2.000 20.000 -17.000 24.000 -12.000 12.000 15.000 0.000 -12.000 -19.000 -9.000 13.000 1.000 -1.000 8.000 22.000 4.000 -23.000 2.000 -3.000 13.000 -10.000 -20.000 -4.000 9.000 
R0000024 < -42.000 -27.000 14.000 -26.000 -18.000 16.000 14.000 0.000 22.000 -26.000 -5.000 -7.000 30.000 0.000 13.000 0.000 -11.000 27.000 6.000 -14.000 12.000 -12.000 9.000 21.000 -4.000 23.000 -19.000 -14.000 -17.000 19.000 -28.000 
R0000025 < -208.000 0.000 14.000 -26.000 17.000 22.000 0.000 28.000 -16.000 4.000 3.000 0.000 0.000 -3.000 0.000 0.000 0.000 0.000 0.000 0.000 -9.000 0.000 0.000 -8.000 25.000 3.000 -30.000 0.000 22.000 0.000 17.000 
R0000026 < -152.000 -2.000 0.000 -19.000 3.000 -27.000 0.000 17.000 0.000 -6.000 0.000 -15.000 0.000 5.000 6.000 -17.000 -4.000 0.000 30.000 0.000 0.000 30.000 0.000 0.000 0.000 0.000 -23.000 0.000 -23.000 -25.000 26.000 
R0000027 < 19.000 3.000 -10.000 -4.000 12.000 3.000 -18.000 14.000 -27.000 26.000 -17.000 4.000 19.000 15.000 22.000 -2.000 25.000 0.000 -5.000 -17.000 2.000 22.000 -1.000 28.000 18.000 -28.000 -30.000 -25.000 -30.000 26.000 12.000 
R0000028 < 94.000 25.000 0.000 0.000 0.000 0.000 0.000 -9.000 -26.000 0.000 24.000 -20.000 17.000 4.000 8.000 11.000 0.000 0.000 27.000 0.000 7.000 -9.000 -9.000 5.000 15.000 -20.000 18.000 0.000 0.000 -2.000 0.000 
R0000029 < -71.000 -14.000 11.000 0.000 -21.000 -27.000 15.000 -21.000 -17.000 26.000 6.000 9.000 -12.000 0.000 -3.000 0.000 -6.000 9.000 0.000 1.000 -5.000 -17.000 -14.000 0.000 -21.000 0.000 -22.000 10.000 -7.000 12.000 -28.000 
