5 0 -379.078 321.121
10 20 -284.596 -2.000
C0000000 0.000 1500.000 -32.000 I
C0000003 0.000 1500.000 -36.000 I
C0000006 0.000 1500.000 -34.000 I
C0000008 0.000 1500.000 35.000 I
C0000013 0.000 1500.000 49.000 I
C0000001 0.000 1500.000 26.000 22.000 C
C0000002 0.000 1500.000 28.000 0.000 C
C0000004 0.000 1500.000 -18.000 0.000 C
C0000005 0.000 1500.000 35.000 10.000 C
C0000007 0.000 1500.000 -41.000 0.000 C
C0000009 0.000 1500.000 -28.000 0.000 C
C0000010 0.000 1500.000 -16.000 -44.000 C
C0000011 0.000 1500.000 -1.000 15.000 C
C0000012 0.000 1500.000 17.000 0.000 C
C0000014 0.000 1500.000 19.000 0.000 C
R0000000 > -290.000 -15.000 -16.000 -14.000 0.000 0.000 0.000 -23.000 -39.000 -1.000 -34.000 0.000 0.000 -15.000 -25.000 0.000 
R0000001 > -345.000 -44.000 -3.000 0.000 -5.000 -14.000 -40.000 -2.000 0.000 -37.000 -17.000 -47.000 -32.000 -27.000 -18.000 -40.000 
R0000002 > -182.000 -44.000 -16.000 -5.000 0.000 -37.000 0.000 -33.000 -30.000 -36.000 0.000 -19.000 -22.000 -2.000 -13.000 0.000 
R0000003 > -507.000 -2.000 0.000 -12.000 -44.000 -17.000 -30.000 -28.000 0.000 -18.000 0.000 -48.000 -49.000 0.000 -50.000 -20.000 
R0000004 > -303.000 -42.000 -24.000 -39.000 -33.000 -6.000 -26.000 -20.000 -38.000 -17.000 -19.000 -6.000 -13.000 -43.000 -16.000 -30.000 
R0000005 > -162.000 -20.000 0.000 -34.000 -29.000 -10.000 -18.000 -13.000 0.000 0.000 -10.000 -3.000 0.000 -28.000 -12.000 0.000 
R0000006 > -616.000 -36.000 -16.000 0.000 -37.000 -26.000 -10.000 0.000 0.000 -16.000 -34.000 -34.000 -47.000 -20.000 -45.000 0.000 
R0000007 > -414.000 -43.000 0.000 -40.000 -12.000 -1.000 -50.000 -40.000 -26.000 -6.000 -26.000 0.000 -19.000 0.000 -35.000 -19.000 
R0000008 > -385.000 -6.000 -24.000 0.000 0.000 -1.000 -44.000 0.000 0.000 0.000 -5.000 -34.000 -50.000 -25.000 -18.000 -17.000 
R0000009 > -233.000 -29.000 0.000 -44.000 -30.000 0.000 -19.000 -15.000 -29.000 0.000 -33.000 0.000 -10.000 -7.000 0.000 -21.000 
R0000010 > -257.000 -3.000 -46.000 -27.000 -33.000 -34.000 -33.000 -19.000 -38.000 -16.000 -15.000 -50.000 -4.000 -40.000 -22.000 -8.000 
R0000011 > -306.000 0.000 0.000 -16.000 -16.000 0.000 0.000 -5.000 -12.000 0.000 -20.000 -6.000 -42.000 0.000 0.000 -14.000 
R0000012 > -304.000 0.000 0.000 -36.000 -45.000 0.000 0.000 0.000 -44.000 -17.000 0.000 0.000 -47.000 -33.000 0.000 0.000 
R0000013 > -510.000 -31.000 -35.000 -25.000 -12.000 -25.000 0.000 -42.000 0.000 -8.000 -30.000 -8.000 -27.000 -5.000 -45.000 -33.000 
R0000014 > -443.000 -13.000 -35.000 -46.000 -35.000 -2.000 -25.000 -10.000 -5.000 -33.000 -19.000 -13.000 -23.000 -11.000 -39.000 -28.000 
R0000015 > -290.000 -8.000 -4.000 -33.000 0.000 0.000 0.000 0.000 -16.000 -28.000 0.000 -26.000 -34.000 -47.000 -8.000 0.000 
R0000016 > -296.000 -34.000 -22.000 -36.000 -36.000 -21.000 -13.000 -36.000 -5.000 0.000 -14.000 -22.000 -6.000 -14.000 -32.000 -1.000 
R0000017 > -118.000 -1.000 -15.000 0.000 0.000 -1.000 -2.000 0.000 -24.000 0.000 -8.000 0.000 -9.000 -41.000 0.000 -23.000 
R0000018 > -96.000 0.000 -11.000 -30.000 -21.000 -40.000 -7.000 -15.000 -16.000 0.000 0.000 -35.000 0.000 -6.000 -12.000 0.000 
R0000019 > -194.000 -1.000 -42.000 -13.000 0.000 0.000 -36.000 -2.000 -25.000 -22.000 0.000 -27.000 -9.000 -16.000 -24.000 -7.000 
