5 0 -852.596 489.738
15 20 -549.317 -0.000
C0000001 0.000 1500.000 34.000 I
C0000004 0.000 1500.000 -24.000 I
C0000005 0.000 1500.000 -42.000 I
C0000006 0.000 1500.000 -32.000 I
C0000012 0.000 1500.000 -2.000 I
C0000000 0.000 1500.000 26.000 34.000 C
C0000002 0.000 1500.000 6.000 -31.000 C
C0000003 0.000 1500.000 -10.000 0.000 C
C0000007 0.000 1500.000 12.000 -48.000 C
C0000008 0.000 1500.000 -15.000 0.000 C
C0000009 0.000 1500.000 15.000 0.000 C
C0000010 0.000 1500.000 -42.000 0.000 C
C0000011 0.000 1500.000 -1.000 0.000 C
C0000013 0.000 1500.000 -2.000 17.000 C
C0000014 0.000 1500.000 -30.000 43.000 C
C0000015 0.000 1500.000 -47.000 0.000 C
C0000016 0.000 1500.000 -1.000 0.000 C
C0000017 0.000 1500.000 25.000 -5.000 C
C0000018 0.000 1500.000 31.000 0.000 C
C0000019 0.000 1500.000 -49.000 0.000 C
R0000000 > -583.000 -4.000 0.000 -23.000 -13.000 -3.000 -31.000 -13.000 -46.000 -16.000 -10.000 -35.000 -19.000 -18.000 -30.000 0.000 -19.000 -45.000 -12.000 -18.000 0.000 
R0000001 > -458.000 -10.000 0.000 -28.000 0.000 -28.000 0.000 0.000 -47.000 -10.000 -24.000 0.000 -45.000 -29.000 0.000 -39.000 0.000 -14.000 -39.000 -26.000 -38.000 
R0000002 > -436.000 -37.000 0.000 0.000 -15.000 -30.000 0.000 -49.000 -11.000 0.000 -27.000 0.000 -50.000 0.000 -15.000 -26.000 0.000 -17.000 -1.000 -28.000 0.000 
R0000003 > -769.000 0.000 0.000 0.000 -30.000 0.000 -41.000 -21.000 -41.000 0.000 -37.000 -16.000 -48.000 -38.000 0.000 0.000 -45.000 -41.000 -27.000 -22.000 -41.000 
R0000004 > -792.000 -22.000 -36.000 0.000 -1.000 -38.000 -18.000 -25.000 -9.000 0.000 0.000 -36.000 -40.000 -13.000 -25.000 -42.000 -34.000 -21.000 -7.000 0.000 -50.000 
R0000005 > -525.000 0.000 -40.000 -4.000 -20.000 -18.000 0.000 -49.000 0.000 -47.000 -4.000 0.000 -46.000 -33.000 -20.000 0.000 -28.000 -31.000 0.000 -39.000 0.000 
R0000006 > -524.000 0.000 0.000 -44.000 0.000 -42.000 -24.000 0.000 -26.000 -19.000 -8.000 -11.000 -39.000 -36.000 0.000 0.000 -28.000 -7.000 0.000 -35.000 -1.000 
R0000007 > -556.000 0.000 -31.000 -29.000 -5.000 0.000 -28.000 -41.000 -39.000 -30.000 -10.000 -3.000 0.000 -46.000 -14.000 -15.000 -30.000 -26.000 -8.000 -32.000 -11.000 
R0000008 > -773.000 -23.000 -2.000 -7.000 -17.000 -43.000 -21.000 -7.000 -29.000 -41.000 -46.000 -10.000 -4.000 -39.000 0.000 -1.000 -33.000 -31.000 -15.000 -19.000 -39.000 
R0000009 > -70.000 -10.000 -35.000 -22.000 0.000 -2.000 -15.000 0.000 0.000 0.000 -11.000 0.000 -18.000 0.000 -26.000 0.000 0.000 0.000 0.000 0.000 0.000 
R0000010 > -911.000 -30.000 -15.000 -34.000 -32.000 -21.000 -42.000 -24.000 -2.000 -30.000 0.000 -48.000 -31.000 -8.000 -5.000 -1.000 -32.000 -16.000 -43.000 -45.000 -43.000 
R0000011 > -836.000 -47.000 -1.000 0.000 -9.000 -15.000 -30.000 -46.000 0.000 -12.000 -42.000 -46.000 -21.000 -25.000 0.000 -7.000 0.000 -34.000 -42.000 -10.000 -26.000 
R0000012 > -475.000 -50.000 -36.000 -17.000 -18.000 0.000 -13.000 -47.000 -26.000 -1.000 0.000 -28.000 -22.000 -46.000 -4.000 -7.000 -13.000 0.000 -11.000 0.000 -15.000 
R0000013 > -653.000 -14.000 -36.000 -29.000 -4.000 -46.000 -4.000 -1.000 -42.000 -35.000 -4.000 -27.000 -12.000 -24.000 0.000 -17.000 -24.000 -23.000 -28.000 -42.000 -17.000 
R0000014 > -522.000 -33.000 -41.000 -32.000 -41.000 -7.000 -31.000 -20.000 -45.000 -35.000 -2.000 -16.000 -38.000 -12.000 -12.000 -28.000 -36.000 -14.000 -49.000 -13.000 -23.000 
R0000015 > -668.000 0.000 -10.000 -22.000 0.000 0.000 -43.000 0.000 -24.000 0.000 -5.000 -37.000 -10.000 -6.000 -7.000 -24.000 -11.000 -44.000 -14.000 -18.000 -31.000 
R0000016 > -508.000 0.000 0.000 -45.000 -6.000 0.000 0.000 -42.000 0.000 0.000 -23.000 -37.000 0.000 0.000 -17.000 0.000 -45.000 -43.000 0.000 -10.000 -9.000 
R0000017 > -694.000 0.000 -27.000 -21.000 0.000 -4.000 -46.000 -44.000 -46.000 -35.000 0.000 -4.000 0.000 -13.000 0.000 -40.000 -32.000 -29.000 0.000 0.000 -50.000 
R0000018 > -504.000 -37.000 0.000 -47.000 -16.000 0.000 -14.000 -44.000 0.000 -39.000 0.000 -40.000 -20.000 0.000 -44.000 -40.000 -8.000 -35.000 -26.000 0.000 0.000 
R0000019 > -338.000 -50.000 -14.000 -20.000 0.000 0.000 -24.000 -40.000 0.000 0.000 -33.000 -3.000 0.000 -28.000 0.000 0.000 -18.000 0.000 -29.000 -27.000 0.000 
