5 0 -1013.087 730.125
15 20 -536.454 -0.000
C0000003 0.000 1500.000 -18.000 I
C0000004 0.000 1500.000 15.000 I
C0000006 0.000 1500.000 -34.000 I
C0000007 0.000 1500.000 -5.000 I
C0000015 0.000 1500.000 -9.000 I
C0000000 0.000 1500.000 -46.000 17.000 C
C0000001 0.000 1500.000 -20.000 29.000 C
C0000002 0.000 1500.000 11.000 43.000 C
C0000005 0.000 1500.000 -34.000 22.000 C
C0000008 0.000 1500.000 49.000 -34.000 C
C0000009 0.000 1500.000 7.000 8.000 C
C0000010 0.000 1500.000 -6.000 7.000 C
C0000011 0.000 1500.000 -35.000 -39.000 C
C0000012 0.000 1500.000 31.000 -10.000 C
C0000013 0.000 1500.000 -2.000 38.000 C
C0000014 0.000 1500.000 -44.000 46.000 C
C0000016 0.000 1500.000 23.000 3.000 C
C0000017 0.000 1500.000 -19.000 39.000 C
C0000018 0.000 1500.000 -24.000 2.000 C
C0000019 0.000 1500.000 -10.000 6.000 C
R0000000 > -810.000 -6.000 -38.000 -37.000 -38.000 0.000 -6.000 -33.000 0.000 -16.000 -1.000 -8.000 -26.000 -7.000 -8.000 0.000 -38.000 -32.000 -6.000 -48.000 0.000 
R0000001 > -693.000 -47.000 -27.000 -44.000 -26.000 -27.000 -22.000 -21.000 -37.000 0.000 -17.000 -11.000 0.000 -38.000 -12.000 -10.000 -15.000 0.000 -21.000 -14.000 -43.000 
R0000002 > -790.000 -7.000 -20.000 -37.000 0.000 0.000 -6.000 -35.000 -7.000 -47.000 0.000 -50.000 -34.000 -39.000 -38.000 -19.000 0.000 -34.000 -12.000 -41.000 0.000 
R0000003 > -576.000 0.000 -41.000 -5.000 -4.000 -35.000 -20.000 0.000 -46.000 -37.000 -11.000 0.000 0.000 0.000 -42.000 -21.000 0.000 -34.000 -19.000 -13.000 -24.000 
R0000004 > -457.000 -30.000 -24.000 0.000 0.000 -17.000 -4.000 0.000 -21.000 0.000 -17.000 -41.000 -49.000 0.000 -8.000 0.000 -12.000 0.000 0.000 -1.000 0.000 
R0000005 > -939.000 -14.000 -37.000 -38.000 -9.000 -45.000 -37.000 -19.000 -33.000 -10.000 -43.000 -47.000 -9.000 -30.000 -20.000 -22.000 -15.000 0.000 -28.000 -16.000 -32.000 
R0000006 > -764.000 -33.000 -43.000 -31.000 -30.000 -9.000 -17.000 0.000 -25.000 -13.000 0.000 -3.000 -9.000 -15.000 -28.000 -13.000 -6.000 -21.000 -43.000 -27.000 -4.000 
R0000007 > -291.000 0.000 0.000 0.000 -14.000 0.000 0.000 -6.000 0.000 -44.000 0.000 0.000 -37.000 0.000 -23.000 0.000 0.000 0.000 -23.000 0.000 0.000 
R0000008 > -674.000 -30.000 -20.000 0.000 0.000 0.000 -30.000 -14.000 -42.000 0.000 0.000 -35.000 0.000 0.000 -45.000 -6.000 -7.000 -17.000 0.000 -6.000 -40.000 
R0000009 > -360.000 0.000 0.000 0.000 0.000 0.000 -17.000 0.000 -35.000 -11.000 0.000 -2.000 -29.000 0.000 0.000 0.000 -18.000 -10.000 -47.000 0.000 -25.000 
R0000010 > -1065.000 -50.000 -8.000 -23.000 -49.000 -32.000 -26.000 -45.000 -11.000 -31.000 -29.000 -41.000 -5.000 -47.000 -36.000 -20.000 -36.000 -43.000 -22.000 -8.000 -23.000 
R0000011 > -238.000 0.000 0.000 -23.000 -10.000 -33.000 0.000 0.000 -24.000 -16.000 -24.000 0.000 0.000 0.000 0.000 -44.000 0.000 -48.000 0.000 -39.000 -14.000 
R0000012 > -566.000 0.000 -47.000 -32.000 0.000 -18.000 -37.000 -8.000 -36.000 0.000 -30.000 -29.000 0.000 -29.000 0.000 0.000 0.000 -43.000 0.000 -21.000 0.000 
R0000013 > -806.000 -8.000 -14.000 0.000 -50.000 -39.000 -5.000 -50.000 -45.000 0.000 0.000 -33.000 -8.000 -37.000 -21.000 -35.000 -6.000 -7.000 -21.000 -41.000 -19.000 
R0000014 > -715.000 0.000 0.000 0.000 0.000 0.000 -40.000 -34.000 -40.000 -47.000 -23.000 0.000 -47.000 -17.000 -28.000 0.000 -46.000 0.000 -17.000 0.000 0.000 
R0000015 > -596.000 -41.000 0.000 -33.000 -24.000 -36.000 -35.000 -45.000 0.000 -30.000 -11.000 -18.000 -37.000 -24.000 0.000 0.000 0.000 0.000 -44.000 0.000 -34.000 
R0000016 > -498.000 0.000 0.000 0.000 0.000 0.000 -15.000 -40.000 -45.000 -16.000 -26.000 -39.000 0.000 -47.000 -44.000 0.000 0.000 -33.000 0.000 0.000 0.000 
R0000017 > -589.000 -37.000 -36.000 0.000 0.000 0.000 -43.000 -20.000 -3.000 -30.000 -26.000 -32.000 -23.000 0.000 -9.000 -12.000 -7.000 0.000 0.000 0.000 0.000 
R0000018 > -780.000 0.000 0.000 0.000 0.000 0.000 -44.000 -15.000 0.000 -2.000 0.000 -23.000 -42.000 0.000 0.000 -35.000 -47.000 -47.000 -3.000 -36.000 0.000 
R0000019 > -281.000 -48.000 -11.000 -32.000 0.000 -42.000 -13.000 0.000 0.000 -4.000 0.000 -7.000 -5.000 -29.000 -11.000 0.000 0.000 -14.000 -2.000 -1.000 -22.000 
