5 0 -640.139 508.420
10 20 -143.644 -0.000
C0000000 0.000 1500.000 -45.000 I
C0000001 0.000 1500.000 15.000 I
C0000003 0.000 1500.000 -18.000 I
C0000007 0.000 1500.000 46.000 I
C0000012 0.000 1500.000 27.000 I
C0000002 0.000 1500.000 -38.000 6.000 C
C0000004 0.000 1500.000 25.000 0.000 C
C0000005 0.000 1500.000 -23.000 2.000 C
C0000006 0.000 1500.000 31.000 0.000 C
C0000008 0.000 1500.000 13.000 0.000 C
C0000009 0.000 1500.000 -9.000 1.000 C
C0000010 0.000 1500.000 43.000 0.000 C
C0000011 0.000 1500.000 -32.000 0.000 C
C0000013 0.000 1500.000 -42.000 0.000 C
C0000014 0.000 1500.000 -42.000 -16.000 C
R0000000 > -483.000 -10.000 -21.000 -46.000 -8.000 0.000 -19.000 -17.000 -26.000 -17.000 -31.000 -37.000 -19.000 -13.000 -29.000 -14.000 
R0000001 > -761.000 -36.000 0.000 -42.000 -7.000 -21.000 -41.000 -14.000 -29.000 -45.000 -22.000 -39.000 -47.000 0.000 -27.000 -37.000 
R0000002 > -327.000 0.000 -21.000 -35.000 -29.000 0.000 -31.000 -38.000 0.000 0.000 -5.000 -50.000 -35.000 -29.000 -1.000 0.000 
R0000003 > -313.000 -26.000 0.000 0.000 0.000 0.000 -12.000 -9.000 -34.000 0.000 -32.000 0.000 -31.000 -18.000 -37.000 0.000 
R0000004 > -350.000 -18.000 -31.000 -37.000 0.000 -37.000 0.000 0.000 -50.000 0.000 -42.000 -11.000 -5.000 0.000 0.000 0.000 
R0000005 > -537.000 -7.000 -50.000 -40.000 -24.000 -10.000 -8.000 -33.000 -13.000 -21.000 -11.000 -26.000 -18.000 -25.000 -27.000 -32.000 
R0000006 > -419.000 -2.000 -4.000 -29.000 -49.000 -8.000 -21.000 -37.000 -24.000 -35.000 -44.000 -3.000 0.000 -3.000 -2.000 -3.000 
R0000007 > -356.000 -32.000 0.000 0.000 -36.000 0.000 -6.000 -27.000 0.000 -3.000 -13.000 0.000 -38.000 -40.000 0.000 0.000 
R0000008 > -558.000 -35.000 -37.000 -12.000 0.000 -19.000 -44.000 -41.000 -30.000 -25.000 -48.000 -19.000 -29.000 0.000 0.000 -11.000 
R0000009 > -109.000 0.000 -16.000 -8.000 0.000 0.000 0.000 0.000 0.000 0.000 -1.000 -37.000 0.000 -2.000 -14.000 0.000 
R0000010 > -388.000 -33.000 -18.000 0.000 -4.000 -41.000 0.000 -11.000 -46.000 0.000 -15.000 0.000 0.000 0.000 -25.000 -32.000 
R0000011 > -302.000 -42.000 -23.000 -23.000 -23.000 -28.000 -44.000 -10.000 0.000 0.000 0.000 0.000 0.000 -5.000 0.000 0.000 
R0000012 > -438.000 0.000 -30.000 -21.000 -23.000 0.000 -14.000 0.000 -17.000 -45.000 0.000 0.000 -39.000 0.000 -37.000 -47.000 
R0000013 > -625.000 0.000 -39.000 0.000 -45.000 -36.000 -45.000 -16.000 -50.000 -44.000 -41.000 -9.000 -5.000 0.000 0.000 -37.000 
R0000014 > -650.000 -30.000 -43.000 -47.000 0.000 -25.000 -31.000 -8.000 0.000 -30.000 -38.000 -14.000 0.000 -16.000 -2.000 -11.000 
R0000015 > -360.000 -4.000 -35.000 -30.000 -46.000 -17.000 -22.000 -42.000 -36.000 0.000 0.000 0.000 0.000 -37.000 -39.000 -7.000 
R0000016 > -320.000 -10.000 0.000 -20.000 -25.000 -21.000 0.000 -14.000 0.000 -10.000 0.000 -36.000 -40.000 -17.000 0.000 0.000 
R0000017 > -404.000 -18.000 0.000 0.000 0.000 0.000 -21.000 -30.000 0.000 0.000 -9.000 -34.000 -31.000 -19.000 -4.000 -45.000 
R0000018 > -426.000 -27.000 -22.000 -6.000 0.000 -13.000 0.000 0.000 0.000 -46.000 -9.000 -6.000 0.000 0.000 -31.000 0.000 
R0000019 > -354.000 0.000 0.000 -41.000 -22.000 -19.000 0.000 0.000 0.000 0.000 -14.000 -7.000 -21.000 -40.000 0.000 0.000 
