15 0 -477.000 588.020
5 20 -183.391 -0.000
C0000002 0.000 1500.000 -21.000 I
C0000003 0.000 1500.000 -44.000 I
C0000004 0.000 1500.000 9.000 I
C0000006 0.000 1500.000 34.000 I
C0000007 0.000 1500.000 -39.000 I
C0000008 0.000 1500.000 -42.000 I
C0000009 0.000 1500.000 3.000 I
C0000010 0.000 1500.000 2.000 I
C0000011 0.000 1500.000 25.000 I
C0000012 0.000 1500.000 31.000 I
C0000013 0.000 1500.000 26.000 I
C0000014 0.000 1500.000 -8.000 I
C0000015 0.000 1500.000 -35.000 I
C0000016 0.000 1500.000 31.000 I
C0000019 0.000 1500.000 -36.000 I
C0000000 0.000 1500.000 3.000 4.000 C
C0000001 0.000 1500.000 48.000 43.000 C
C0000005 0.000 1500.000 7.000 3.000 C
C0000017 0.000 1500.000 24.000 13.000 C
C0000018 0.000 1500.000 9.000 -19.000 C
R0000000 > -555.000 -41.000 0.000 -42.000 -20.000 -32.000 -43.000 -9.000 0.000 -22.000 -14.000 0.000 -7.000 0.000 -48.000 -19.000 0.000 -33.000 -35.000 0.000 -21.000 
R0000001 > -296.000 0.000 -32.000 0.000 -27.000 -40.000 -37.000 -33.000 -41.000 -5.000 -39.000 0.000 -4.000 -44.000 -35.000 -6.000 -34.000 -17.000 -22.000 -13.000 0.000 
R0000002 > -475.000 -36.000 -7.000 0.000 0.000 -13.000 -36.000 -29.000 -29.000 -41.000 -24.000 -11.000 -18.000 -1.000 -36.000 -7.000 -25.000 -15.000 -49.000 0.000 -5.000 
R0000003 > -590.000 -29.000 -1.000 -23.000 -27.000 0.000 -21.000 -12.000 -49.000 -30.000 -29.000 -30.000 -38.000 -40.000 -23.000 -41.000 -25.000 -23.000 0.000 -33.000 -30.000 
R0000004 > -390.000 0.000 -46.000 -9.000 -28.000 -29.000 -19.000 0.000 -29.000 -34.000 -38.000 -34.000 -49.000 -18.000 0.000 -16.000 0.000 -1.000 -35.000 -37.000 -38.000 
R0000005 > -444.000 -24.000 -17.000 -5.000 -49.000 0.000 -9.000 -7.000 -14.000 -9.000 -4.000 -6.000 -47.000 -48.000 -12.000 -43.000 -39.000 -6.000 -28.000 -27.000 -46.000 
R0000006 > -372.000 -41.000 -5.000 0.000 -50.000 0.000 -17.000 -26.000 -5.000 -46.000 -25.000 0.000 -23.000 0.000 0.000 0.000 0.000 0.000 -50.000 -42.000 0.000 
R0000007 > -155.000 -7.000 -21.000 0.000 0.000 0.000 -29.000 -12.000 -17.000 -4.000 -35.000 0.000 -8.000 -34.000 0.000 0.000 -3.000 -2.000 0.000 -15.000 0.000 
R0000008 > -240.000 0.000 0.000 0.000 0.000 0.000 -44.000 0.000 -21.000 0.000 -26.000 -6.000 -38.000 -30.000 -42.000 -6.000 0.000 0.000 0.000 -46.000 -14.000 
R0000009 > -255.000 -2.000 -43.000 -45.000 0.000 -30.000 -25.000 -50.000 -26.000 -39.000 -5.000 -14.000 0.000 0.000 0.000 0.000 0.000 0.000 -8.000 0.000 0.000 
R0000010 > -459.000 -35.000 -47.000 -50.000 -23.000 -28.000 -14.000 -40.000 -45.000 -33.000 -36.000 -12.000 0.000 -7.000 -23.000 -24.000 -14.000 -8.000 -13.000 -17.000 -4.000 
R0000011 > -152.000 0.000 -1.000 -43.000 0.000 0.000 -26.000 0.000 -7.000 -50.000 0.000 0.000 -10.000 0.000 -21.000 -11.000 -37.000 0.000 -42.000 -35.000 -4.000 
R0000012 > -239.000 0.000 0.000 0.000 0.000 0.000 -8.000 -30.000 0.000 -18.000 0.000 0.000 -35.000 0.000 -23.000 -23.000 0.000 -22.000 0.000 -12.000 0.000 
R0000013 > -433.000 -7.000 0.000 -23.000 -11.000 0.000 -26.000 -24.000 0.000 -47.000 -49.000 -36.000 0.000 0.000 0.000 -35.000 0.000 -11.000 0.000 0.000 -19.000 
R0000014 > -219.000 0.000 -45.000 -46.000 0.000 -18.000 -43.000 0.000 0.000 0.000 0.000 0.000 -14.000 -4.000 0.000 -49.000 0.000 -41.000 -16.000 -12.000 0.000 
R0000015 > -495.000 -32.000 0.000 0.000 0.000 -13.000 0.000 0.000 -6.000 -27.000 -4.000 0.000 0.000 0.000 -18.000 0.000 0.000 -47.000 -13.000 0.000 -26.000 
R0000016 > -297.000 -30.000 0.000 0.000 0.000 0.000 0.000 0.000 0.000 0.000 -42.000 0.000 -30.000 0.000 0.000 0.000 -29.000 0.000 -34.000 -40.000 -19.000 
R0000017 > -470.000 -33.000 -22.000 0.000 0.000 0.000 0.000 -12.000 0.000 -5.000 -11.000 -42.000 -46.000 -31.000 -27.000 0.000 0.000 -40.000 -19.000 0.000 -3.000 
R0000018 > -591.000 -34.000 -34.000 0.000 -5.000 -31.000 -45.000 -40.000 0.000 -19.000 -7.000 -19.000 -21.000 -2.000 -43.000 -38.000 -26.000 -32.000 -38.000 0.000 -11.000 
R0000019 > -164.000 0.000 0.000 0.000 -28.000 -1.000 0.000 -15.000 0.000 0.000 0.000 -36.000 -22.000 -7.000 0.000 0.000 -6.000 0.000 -46.000 -47.000 0.000 
