15 0 -448.468 598.167
5 20 -203.000 -0.000
C0000000 0.000 1500.000 32.000 I
C0000001 0.000 1500.000 -6.000 I
C0000003 0.000 1500.000 -21.000 I
C0000004 0.000 1500.000 38.000 I
C0000005 0.000 1500.000 32.000 I
C0000007 0.000 1500.000 -33.000 I
C0000008 0.000 1500.000 -34.000 I
C0000009 0.000 1500.000 -38.000 I
C0000010 0.000 1500.000 35.000 I
C0000012 0.000 1500.000 -20.000 I
C0000014 0.000 1500.000 -5.000 I
C0000015 0.000 1500.000 3.000 I
C0000016 0.000 1500.000 -35.000 I
C0000017 0.000 1500.000 12.000 I
C0000018 0.000 1500.000 16.000 I
C0000002 0.000 1500.000 -47.000 0.000 C
C0000006 0.000 1500.000 35.000 27.000 C
C0000011 0.000 1500.000 -44.000 0.000 C
C0000013 0.000 1500.000 -2.000 0.000 C
C0000019 0.000 1500.000 48.000 -21.000 C
R0000000 > -463.000 -36.000 0.000 0.000 0.000 0.000 0.000 -21.000 -30.000 -15.000 -32.000 -6.000 0.000 0.000 0.000 0.000 -30.000 -21.000 -37.000 -7.000 -29.000 
R0000001 > -137.000 0.000 0.000 -27.000 -41.000 -11.000 0.000 -5.000 -48.000 0.000 0.000 -12.000 -3.000 0.000 -16.000 0.000 0.000 -6.000 0.000 -38.000 0.000 
R0000002 > -816.000 -26.000 -48.000 0.000 -19.000 -11.000 -43.000 -7.000 0.000 0.000 -3.000 0.000 -16.000 -39.000 -7.000 -20.000 -21.000 -22.000 -19.000 -5.000 -27.000 
R0000003 > -642.000 -18.000 0.000 -14.000 -8.000 -28.000 -18.000 -18.000 -9.000 -32.000 0.000 -18.000 -10.000 -42.000 -15.000 -18.000 -14.000 0.000 -33.000 -22.000 -7.000 
R0000004 > -351.000 0.000 0.000 -21.000 0.000 -21.000 -11.000 0.000 0.000 -32.000 0.000 -40.000 0.000 0.000 -4.000 0.000 -44.000 0.000 -35.000 0.000 0.000 
R0000005 > -1119.000 -47.000 -11.000 -46.000 -30.000 0.000 -31.000 0.000 -1.000 -12.000 -24.000 -38.000 -4.000 -45.000 -50.000 -50.000 -42.000 -23.000 -9.000 -44.000 -41.000 
R0000006 > -351.000 -45.000 -41.000 0.000 -15.000 0.000 -18.000 0.000 0.000 0.000 -3.000 -12.000 0.000 0.000 -4.000 0.000 0.000 0.000 0.000 0.000 0.000 
R0000007 > -1006.000 -34.000 -14.000 -18.000 -33.000 -34.000 -35.000 -22.000 -24.000 -23.000 -46.000 -36.000 -33.000 0.000 -37.000 -11.000 -3.000 -25.000 -23.000 -28.000 -16.000 
R0000008 > -566.000 -15.000 -1.000 0.000 -40.000 -36.000 -28.000 0.000 -36.000 0.000 0.000 0.000 -14.000 -7.000 -2.000 0.000 -3.000 0.000 -21.000 0.000 -43.000 
R0000009 > -348.000 -4.000 0.000 0.000 -31.000 -33.000 -7.000 -2.000 0.000 -47.000 0.000 0.000 0.000 -40.000 0.000 -10.000 -21.000 0.000 -14.000 -5.000 -36.000 
R0000010 > -828.000 -27.000 -47.000 -12.000 -12.000 -36.000 -38.000 -47.000 -28.000 -32.000 -26.000 -4.000 -12.000 -45.000 -1.000 -30.000 -20.000 -10.000 -14.000 0.000 -13.000 
R0000011 > -294.000 -2.000 0.000 -44.000 0.000 -3.000 0.000 0.000 0.000 -43.000 0.000 -16.000 -28.000 -17.000 0.000 -3.000 -13.000 0.000 -6.000 0.000 -24.000 
R0000012 > -761.000 -37.000 0.000 -21.000 -8.000 0.000 -20.000 -5.000 -18.000 -38.000 0.000 -10.000 -40.000 -11.000 -36.000 0.000 -23.000 -29.000 -32.000 -26.000 -5.000 
R0000013 > -434.000 -25.000 0.000 -23.000 -23.000 -6.000 -5.000 -34.000 0.000 0.000 -48.000 -12.000 -1.000 0.000 0.000 0.000 -39.000 -30.000 -20.000 -20.000 -33.000 
R0000014 > -704.000 -10.000 -7.000 -31.000 -6.000 -31.000 -30.000 -13.000 -43.000 -46.000 -32.000 -10.000 -35.000 -25.000 -31.000 -16.000 -21.000 -31.000 -6.000 -29.000 -7.000 
R0000015 > -271.000 0.000 -41.000 -17.000 -17.000 0.000 0.000 -29.000 -45.000 0.000 -36.000 0.000 -13.000 -17.000 0.000 -11.000 0.000 -29.000 0.000 -32.000 -6.000 
R0000016 > -363.000 0.000 0.000 0.000 -46.000 0.000 0.000 0.000 -48.000 0.000 0.000 0.000 -47.000 -8.000 -35.000 0.000 -24.000 0.000 0.000 -5.000 0.000 
R0000017 > -996.000 -25.000 -47.000 -26.000 -15.000 -35.000 -1.000 -17.000 -15.000 -6.000 -17.000 -41.000 -26.000 -13.000 -27.000 -37.000 0.000 -22.000 -35.000 -28.000 -18.000 
R0000018 > -921.000 -12.000 -30.000 0.000 -41.000 -21.000 -22.000 -11.000 -41.000 -5.000 -34.000 -40.000 0.000 -20.000 -15.000 -22.000 -14.000 -7.000 -43.000 -33.000 -48.000 
R0000019 > -826.000 -3.000 0.000 -27.000 0.000 0.000 -25.000 0.000 -3.000 -9.000 0.000 -10.000 -37.000 0.000 -39.000 -47.000 -11.000 0.000 -14.000 0.000 -6.000 
