10 0 -774.463 368.765
10 20 -369.502 -0.000
C0000000 0.000 1500.000 7.000 I
C0000004 0.000 1500.000 30.000 I
C0000006 0.000 1500.000 -19.000 I
C0000009 0.000 1500.000 11.000 I
C0000010 0.000 1500.000 22.000 I
C0000011 0.000 1500.000 -11.000 I
C0000013 0.000 1500.000 -12.000 I
C0000014 0.000 1500.000 -6.000 I
C0000016 0.000 1500.000 3.000 I
C0000019 0.000 1500.000 -8.000 I
C0000001 0.000 1500.000 -45.000 33.000 C
C0000002 0.000 1500.000 25.000 -42.000 C
C0000003 0.000 1500.000 -17.000 0.000 C
C0000005 0.000 1500.000 23.000 0.000 C
C0000007 0.000 1500.000 38.000 -4.000 C
C0000008 0.000 1500.000 40.000 0.000 C
C0000012 0.000 1500.000 7.000 0.000 C
C0000015 0.000 1500.000 -23.000 -24.000 C
C0000017 0.000 1500.000 3.000 0.000 C
C0000018 0.000 1500.000 -45.000 8.000 C
R0000000 > -711.000 0.000 -24.000 0.000 -19.000 -33.000 -25.000 0.000 -35.000 -21.000 -4.000 -6.000 0.000 0.000 -29.000 -19.000 -39.000 -42.000 -47.000 -26.000 -43.000 
R0000001 > -840.000 -24.000 -32.000 -40.000 -47.000 0.000 -37.000 -37.000 -22.000 -29.000 -15.000 -46.000 -31.000 -31.000 -31.000 -12.000 -20.000 0.000 -41.000 -42.000 -31.000 
R0000002 > -127.000 -43.000 0.000 0.000 -41.000 0.000 -10.000 -48.000 -30.000 -33.000 0.000 0.000 -27.000 0.000 -16.000 -29.000 -17.000 0.000 0.000 -40.000 0.000 
R0000003 > -769.000 -17.000 -27.000 -23.000 -2.000 -38.000 -2.000 0.000 -33.000 -5.000 -40.000 -5.000 -17.000 -34.000 -15.000 -20.000 -41.000 -40.000 -3.000 -1.000 -46.000 
R0000004 > -630.000 0.000 -11.000 -36.000 -20.000 -46.000 -1.000 -28.000 -36.000 -10.000 -26.000 -3.000 -32.000 -30.000 -9.000 -38.000 -18.000 -9.000 -34.000 0.000 -19.000 
R0000005 > -337.000 -11.000 -10.000 0.000 -7.000 -42.000 -35.000 -49.000 -1.000 0.000 -25.000 -1.000 -30.000 -44.000 -14.000 -8.000 -34.000 0.000 -13.000 -9.000 -6.000 
R0000006 > -682.000 -47.000 -2.000 -27.000 -41.000 -18.000 -1.000 -27.000 -42.000 -42.000 -7.000 -11.000 -40.000 -21.000 -19.000 -7.000 0.000 -24.000 -15.000 -2.000 -36.000 
R0000007 > -435.000 -44.000 0.000 -14.000 0.000 0.000 -9.000 -30.000 0.000 0.000 0.000 -13.000 -36.000 -47.000 0.000 0.000 0.000 -38.000 0.000 -46.000 0.000 
R0000008 > -134.000 0.000 -9.000 0.000 -44.000 -5.000 -25.000 0.000 -44.000 -49.000 -23.000 -8.000 0.000 0.000 -10.000 0.000 0.000 -3.000 -4.000 -39.000 0.000 
R0000009 > -577.000 0.000 -39.000 -19.000 0.000 0.000 0.000 -25.000 -40.000 0.000 0.000 0.000 -46.000 0.000 0.000 -21.000 -42.000 -13.000 -1.000 -49.000 -34.000 
R0000010 > -735.000 -37.000 -25.000 -27.000 -50.000 0.000 -28.000 -8.000 -33.000 -49.000 -1.000 -43.000 -4.000 0.000 -6.000 -26.000 0.000 -38.000 -44.000 -26.000 -23.000 
R0000011 > -584.000 -44.000 0.000 -2.000 -24.000 -8.000 -18.000 -14.000 -1.000 -22.000 0.000 -1.000 -48.000 -30.000 -19.000 0.000 0.000 -17.000 -50.000 -34.000 -25.000 
R0000012 > -576.000 -10.000 -40.000 0.000 -34.000 -23.000 -19.000 -6.000 -7.000 0.000 -37.000 -35.000 0.000 -10.000 -26.000 0.000 -18.000 0.000 -35.000 -35.000 -34.000 
R0000013 > -815.000 -13.000 -29.000 -44.000 0.000 -30.000 -36.000 -20.000 -36.000 -2.000 -40.000 -40.000 -36.000 0.000 -23.000 -33.000 -38.000 -50.000 -3.000 -36.000 -14.000 
R0000014 > -614.000 -5.000 -13.000 -18.000 -39.000 -44.000 -15.000 -11.000 -27.000 0.000 -45.000 -20.000 -16.000 -8.000 -49.000 -49.000 -2.000 -23.000 -15.000 -3.000 -28.000 
R0000015 > -288.000 0.000 -28.000 0.000 -32.000 0.000 0.000 -28.000 0.000 0.000 -30.000 0.000 -28.000 0.000 0.000 -5.000 0.000 0.000 0.000 0.000 -24.000 
R0000016 > -553.000 -41.000 0.000 -9.000 -50.000 -38.000 0.000 0.000 -29.000 -17.000 -3.000 0.000 -9.000 -19.000 -18.000 -25.000 0.000 -49.000 0.000 0.000 -36.000 
R0000017 > -772.000 -14.000 -40.000 -24.000 -43.000 -40.000 -4.000 -40.000 -4.000 -4.000 -38.000 -18.000 -29.000 0.000 -45.000 -8.000 0.000 -4.000 -38.000 -46.000 -44.000 
R0000018 > -719.000 0.000 0.000 -32.000 -18.000 -11.000 0.000 -29.000 0.000 -15.000 -13.000 -36.000 -46.000 0.000 -30.000 -39.000 0.000 0.000 -37.000 -5.000 -45.000 
R0000019 > -321.000 0.000 0.000 -33.000 0.000 -3.000 0.000 -48.000 0.000 0.000 -46.000 -22.000 0.000 -25.000 -16.000 0.000 0.000 -2.000 -8.000 -48.000 -11.000 
