5 0 -795.081 593.864
15 20 -517.717 -0.000
C0000012 0.000 1500.000 -28.000 I
C0000014 0.000 1500.000 17.000 I
C0000015 0.000 1500.000 22.000 I
C0000018 0.000 1500.000 -29.000 I
C0000019 0.000 1500.000 -44.000 I
C0000000 0.000 1500.000 27.000 37.000 C
C0000001 0.000 1500.000 -12.000 -42.000 C
C0000002 0.000 1500.000 31.000 48.000 C
C0000003 0.000 1500.000 37.000 -7.000 C
C0000004 0.000 1500.000 -36.000 35.000 C
C0000005 0.000 1500.000 -17.000 -12.000 C
C0000006 0.000 1500.000 -29.000 -42.000 C
C0000007 0.000 1500.000 10.000 47.000 C
C0000008 0.000 1500.000 -1.000 -35.000 C
C0000009 0.000 1500.000 31.000 -2.000 C
C0000010 0.000 1500.000 -42.000 25.000 C
C0000011 0.000 1500.000 -13.000 36.000 C
C0000013 0.000 1500.000 -36.000 16.000 C
C0000016 0.000 1500.000 -40.000 -12.000 C
C0000017 0.000 1500.000 44.000 48.000 C
R0000000 > -417.000 -1.000 -2.000 0.000 -14.000 0.000 -44.000 -8.000 -31.000 -28.000 -35.000 -23.000 -24.000 0.000 0.000 -41.000 -10.000 -39.000 -32.000 0.000 -44.000 
R0000001 > -575.000 -45.000 0.000 -44.000 -12.000 -7.000 -7.000 -6.000 -41.000 -35.000 -5.000 -27.000 0.000 -41.000 -29.000 -37.000 -32.000 -16.000 -38.000 0.000 -4.000 
R0000002 > -569.000 0.000 0.000 0.000 -41.000 -41.000 -10.000 -7.000 -6.000 0.000 -18.000 0.000 -13.000 0.000 0.000 -47.000 -47.000 0.000 0.000 0.000 0.000 
R0000003 > -814.000 -49.000 -48.000 -35.000 -6.000 -5.000 -19.000 -44.000 -42.000 -8.000 -33.000 -18.000 -21.000 -21.000 -38.000 -16.000 -20.000 -39.000 -36.000 -8.000 -22.000 
R0000004 > -809.000 -44.000 -46.000 -2.000 0.000 -44.000 0.000 -40.000 -3.000 -16.000 -31.000 0.000 -39.000 -37.000 -37.000 -31.000 0.000 -13.000 -50.000 -39.000 -8.000 
R0000005 > -382.000 -34.000 0.000 0.000 -18.000 -16.000 -37.000 -7.000 -1.000 -33.000 -21.000 -4.000 -21.000 -35.000 -24.000 -16.000 -12.000 0.000 0.000 -41.000 -34.000 
R0000006 > -499.000 -11.000 0.000 -17.000 -12.000 -14.000 -47.000 -24.000 -6.000 0.000 -48.000 -30.000 0.000 -9.000 -31.000 -11.000 -6.000 -27.000 -44.000 -44.000 -31.000 
R0000007 > -155.000 -28.000 0.000 0.000 0.000 0.000 0.000 0.000 -35.000 0.000 -13.000 0.000 -43.000 0.000 0.000 0.000 0.000 -47.000 0.000 -50.000 0.000 
R0000008 > -268.000 0.000 0.000 0.000 0.000 -17.000 -13.000 -43.000 0.000 -50.000 0.000 0.000 -26.000 -27.000 0.000 -12.000 -18.000 0.000 -24.000 0.000 -40.000 
R0000009 > -347.000 -26.000 0.000 -10.000 0.000 0.000 -8.000 -8.000 -37.000 0.000 0.000 -33.000 -19.000 -18.000 0.000 -41.000 -37.000 -16.000 -11.000 -36.000 -30.000 
R0000010 > -700.000 -31.000 -16.000 -7.000 -11.000 -34.000 0.000 -25.000 -41.000 -30.000 -37.000 -38.000 -48.000 -30.000 -37.000 0.000 -35.000 -7.000 -42.000 -45.000 -40.000 
R0000011 > -309.000 0.000 0.000 -1.000 -48.000 -33.000 -43.000 0.000 0.000 -20.000 0.000 -42.000 -3.000 -20.000 -32.000 -39.000 0.000 0.000 0.000 0.000 0.000 
R0000012 > -277.000 0.000 0.000 0.000 -5.000 -46.000 -21.000 -15.000 0.000 -26.000 0.000 0.000 -24.000 -36.000 -7.000 0.000 0.000 0.000 0.000 -12.000 -38.000 
R0000013 > -409.000 -24.000 -18.000 0.000 -16.000 -7.000 0.000 -42.000 -12.000 -5.000 -16.000 -49.000 0.000 -13.000 -29.000 0.000 -37.000 -19.000 0.000 -21.000 0.000 
R0000014 > -465.000 -5.000 -8.000 -27.000 -48.000 -41.000 -36.000 -4.000 0.000 -29.000 -3.000 -1.000 -39.000 -23.000 -13.000 -2.000 0.000 -13.000 -35.000 -31.000 -41.000 
R0000015 > -509.000 -9.000 -34.000 -18.000 -27.000 -2.000 -19.000 -29.000 -8.000 -24.000 -3.000 -40.000 -29.000 -4.000 -25.000 -44.000 -13.000 -24.000 -38.000 -7.000 -45.000 
R0000016 > -458.000 -2.000 -42.000 -11.000 0.000 -31.000 0.000 -27.000 -38.000 0.000 0.000 0.000 -26.000 -21.000 -12.000 -1.000 -8.000 -22.000 0.000 -20.000 -13.000 
R0000017 > -752.000 -10.000 -42.000 -36.000 0.000 -22.000 0.000 -13.000 -40.000 0.000 -48.000 0.000 0.000 0.000 -41.000 0.000 -28.000 0.000 0.000 -12.000 0.000 
R0000018 > -379.000 -4.000 -2.000 -33.000 -34.000 0.000 -12.000 -50.000 0.000 -38.000 0.000 -32.000 -35.000 0.000 -22.000 -5.000 -43.000 0.000 -30.000 0.000 -41.000 
R0000019 > -563.000 -29.000 -14.000 0.000 -23.000 -30.000 -46.000 -4.000 -32.000 0.000 -41.000 -34.000 -46.000 0.000 -6.000 -10.000 0.000 -47.000 -8.000 -41.000 -3.000 
