15 0 -326.667 693.507
5 20 -335.741 -0.000
C0000000 0.000 1500.000 6.000 I
C0000001 0.000 1500.000 -29.000 I
C0000004 0.000 1500.000 47.000 I
C0000006 0.000 1500.000 24.000 I
C0000007 0.000 1500.000 43.000 I
C0000008 0.000 1500.000 -37.000 I
C0000009 0.000 1500.000 -35.000 I
C0000010 0.000 1500.000 -15.000 I
C0000011 0.000 1500.000 -12.000 I
C0000012 0.000 1500.000 28.000 I
C0000013 0.000 1500.000 33.000 I
C0000015 0.000 1500.000 20.000 I
C0000016 0.000 1500.000 -4.000 I
C0000017 0.000 1500.000 40.000 I
C0000019 0.000 1500.000 -28.000 I
C0000002 0.000 1500.000 40.000 15.000 C
C0000003 0.000 1500.000 -36.000 -37.000 C
C0000005 0.000 1500.000 38.000 0.000 C
C0000014 0.000 1500.000 31.000 0.000 C
C0000018 0.000 1500.000 -34.000 2.000 C
R0000000 > -872.000 -26.000 -41.000 -42.000 -1.000 -25.000 -6.000 -24.000 0.000 -43.000 -28.000 -31.000 -39.000 -41.000 -50.000 -30.000 -27.000 -1.000 -28.000 -42.000 -7.000 
R0000001 > -739.000 -50.000 0.000 -49.000 0.000 -15.000 -9.000 -41.000 -33.000 -6.000 -36.000 0.000 -20.000 -3.000 -22.000 -44.000 -3.000 0.000 -19.000 -2.000 -43.000 
R0000002 > -622.000 -20.000 -35.000 -50.000 0.000 0.000 0.000 -33.000 -36.000 -30.000 -47.000 -7.000 0.000 -35.000 -40.000 -9.000 -38.000 0.000 -22.000 0.000 -3.000 
R0000003 > -533.000 0.000 -41.000 0.000 -50.000 0.000 0.000 -3.000 0.000 -45.000 -21.000 0.000 0.000 0.000 -41.000 -22.000 0.000 -33.000 -45.000 -34.000 -6.000 
R0000004 > -494.000 -32.000 -1.000 -36.000 0.000 -46.000 0.000 -5.000 0.000 -19.000 0.000 0.000 0.000 -36.000 -12.000 -42.000 -34.000 0.000 0.000 0.000 0.000 
R0000005 > -596.000 -38.000 0.000 0.000 -23.000 -46.000 0.000 0.000 0.000 0.000 -35.000 0.000 -43.000 0.000 0.000 -47.000 0.000 0.000 -29.000 0.000 -32.000 
R0000006 > -663.000 0.000 -38.000 -14.000 -17.000 -9.000 0.000 -10.000 -1.000 0.000 -1.000 0.000 -48.000 0.000 -36.000 0.000 0.000 -36.000 0.000 -42.000 -8.000 
R0000007 > -891.000 -27.000 -33.000 -37.000 -34.000 0.000 0.000 0.000 -34.000 -29.000 -32.000 -19.000 -25.000 -19.000 0.000 0.000 -32.000 0.000 0.000 -37.000 0.000 
R0000008 > -473.000 0.000 -50.000 -20.000 -34.000 -36.000 0.000 -2.000 0.000 0.000 -2.000 -23.000 -21.000 0.000 0.000 -7.000 0.000 -7.000 0.000 -27.000 0.000 
R0000009 > -273.000 0.000 0.000 -9.000 0.000 0.000 0.000 0.000 0.000 -24.000 0.000 0.000 0.000 -23.000 0.000 -1.000 -14.000 -22.000 0.000 -11.000 0.000 
R0000010 > -726.000 -1.000 -15.000 -24.000 -49.000 0.000 -35.000 -41.000 0.000 0.000 0.000 0.000 0.000 -18.000 -22.000 0.000 -17.000 -24.000 -17.000 -50.000 -45.000 
R0000011 > -774.000 0.000 -1.000 0.000 -18.000 -45.000 -37.000 -2.000 -10.000 -22.000 0.000 -44.000 -49.000 -39.000 -39.000 0.000 -5.000 -45.000 -48.000 -6.000 -16.000 
R0000012 > -813.000 -15.000 -44.000 -48.000 -35.000 -44.000 0.000 -13.000 -34.000 0.000 0.000 -30.000 0.000 -10.000 -13.000 -45.000 -6.000 -27.000 -44.000 -27.000 0.000 
R0000013 > -1087.000 -26.000 0.000 -23.000 -48.000 -4.000 0.000 -49.000 -44.000 -27.000 -29.000 -19.000 -30.000 -14.000 -35.000 -40.000 -21.000 -38.000 -39.000 -26.000 0.000 
R0000014 > -809.000 -27.000 -40.000 -49.000 -41.000 -20.000 -7.000 -15.000 0.000 0.000 0.000 -28.000 -31.000 0.000 -21.000 -41.000 -11.000 -26.000 -29.000 0.000 0.000 
R0000015 > -1369.000 -33.000 -45.000 -25.000 -50.000 -15.000 -48.000 -17.000 -23.000 -47.000 -6.000 -7.000 -42.000 -49.000 -26.000 -12.000 -40.000 -39.000 -8.000 -49.000 -42.000 
R0000016 > -168.000 -2.000 -33.000 0.000 0.000 0.000 0.000 -25.000 -30.000 0.000 -16.000 -48.000 0.000 -5.000 0.000 -29.000 -31.000 0.000 0.000 0.000 0.000 
R0000017 > -975.000 -47.000 -18.000 -47.000 -44.000 -47.000 0.000 -13.000 0.000 -41.000 -1.000 0.000 -33.000 0.000 -37.000 -3.000 0.000 -16.000 0.000 -42.000 -20.000 
R0000018 > -245.000 0.000 0.000 0.000 0.000 -32.000 -13.000 -28.000 -24.000 -46.000 -15.000 -44.000 0.000 0.000 -50.000 0.000 -22.000 -27.000 0.000 0.000 -50.000 
R0000019 > -98.000 0.000 -26.000 0.000 -4.000 0.000 -31.000 0.000 0.000 0.000 -20.000 -25.000 0.000 0.000 -50.000 -23.000 -7.000 -4.000 0.000 0.000 -19.000 
