10 0 -726.221 847.063
10 20 -609.893 -0.000
C0000001 0.000 1500.000 -12.000 I
C0000002 0.000 1500.000 -44.000 I
C0000004 0.000 1500.000 28.000 I
C0000010 0.000 1500.000 49.000 I
C0000011 0.000 1500.000 -7.000 I
C0000012 0.000 1500.000 17.000 I
C0000013 0.000 1500.000 -15.000 I
C0000015 0.000 1500.000 27.000 I
C0000016 0.000 1500.000 5.000 I
C0000017 0.000 1500.000 28.000 I
C0000000 0.000 1500.000 33.000 6.000 C
C0000003 0.000 1500.000 15.000 14.000 C
C0000005 0.000 1500.000 32.000 4.000 C
C0000006 0.000 1500.000 -14.000 -35.000 C
C0000007 0.000 1500.000 1.000 13.000 C
C0000008 0.000 1500.000 -49.000 -25.000 C
C0000009 0.000 1500.000 44.000 -2.000 C
C0000014 0.000 1500.000 -37.000 19.000 C
C0000018 0.000 1500.000 -21.000 -37.000 C
C0000019 0.000 1500.000 6.000 33.000 C
R0000000 > -787.000 -30.000 0.000 -4.000 -27.000 0.000 -29.000 -40.000 -45.000 0.000 -26.000 -6.000 -27.000 -49.000 -29.000 -32.000 -44.000 0.000 -11.000 -27.000 0.000 
R0000001 > -571.000 -1.000 0.000 0.000 -33.000 -6.000 -4.000 -19.000 0.000 0.000 -6.000 -36.000 -28.000 -34.000 -30.000 -45.000 -4.000 -38.000 -47.000 -46.000 -2.000 
R0000002 > -954.000 -39.000 -30.000 -3.000 -30.000 -50.000 -48.000 -50.000 -39.000 0.000 0.000 0.000 -2.000 -30.000 0.000 -15.000 -15.000 -2.000 -16.000 -4.000 -17.000 
R0000003 > -418.000 -10.000 -4.000 -41.000 -6.000 -23.000 -31.000 0.000 0.000 -40.000 -35.000 -28.000 -15.000 -30.000 -36.000 -45.000 -23.000 -1.000 -9.000 0.000 0.000 
R0000004 > -796.000 -50.000 -14.000 0.000 -45.000 0.000 -25.000 -27.000 0.000 -23.000 -37.000 -47.000 -11.000 -30.000 -46.000 0.000 -22.000 -36.000 -30.000 -14.000 0.000 
R0000005 > -331.000 -27.000 -43.000 0.000 0.000 -40.000 -32.000 0.000 -8.000 -2.000 -2.000 -30.000 0.000 0.000 0.000 0.000 -27.000 0.000 0.000 -33.000 -37.000 
R0000006 > -595.000 -48.000 -31.000 -34.000 0.000 -4.000 0.000 -24.000 -12.000 -24.000 0.000 -29.000 -11.000 0.000 0.000 0.000 0.000 -7.000 -40.000 -24.000 -47.000 
R0000007 > -416.000 -32.000 -25.000 -25.000 -8.000 -5.000 0.000 -5.000 -30.000 0.000 -18.000 -24.000 -10.000 -39.000 0.000 -13.000 -42.000 -7.000 -5.000 -36.000 0.000 
R0000008 > -407.000 0.000 0.000 0.000 -7.000 0.000 0.000 0.000 0.000 -21.000 -44.000 0.000 -40.000 -27.000 -41.000 0.000 0.000 -3.000 -42.000 0.000 0.000 
R0000009 > -1037.000 -22.000 0.000 -5.000 -11.000 -45.000 0.000 -48.000 -32.000 -5.000 -12.000 -46.000 -39.000 -35.000 -36.000 0.000 -30.000 -23.000 -43.000 -43.000 -21.000 
R0000010 > -631.000 -36.000 -5.000 -13.000 -43.000 0.000 0.000 -2.000 -8.000 -38.000 -40.000 -41.000 -32.000 -25.000 -38.000 -27.000 -9.000 0.000 -30.000 0.000 -20.000 
R0000011 > -522.000 -32.000 -1.000 -16.000 -2.000 -1.000 -10.000 -20.000 0.000 -3.000 -24.000 0.000 -6.000 -9.000 -17.000 -11.000 -36.000 -29.000 -47.000 -49.000 -17.000 
R0000012 > -450.000 -43.000 -27.000 0.000 -6.000 -49.000 0.000 -14.000 0.000 0.000 0.000 -30.000 -48.000 0.000 0.000 0.000 0.000 -4.000 0.000 -10.000 0.000 
R0000013 > -413.000 -27.000 0.000 -40.000 -38.000 0.000 -39.000 0.000 -1.000 -2.000 -7.000 -32.000 -26.000 0.000 0.000 -48.000 -23.000 -28.000 -49.000 -31.000 -28.000 
R0000014 > -642.000 -29.000 -26.000 -35.000 -9.000 -26.000 0.000 -4.000 -42.000 -9.000 -29.000 -12.000 -20.000 -36.000 -9.000 -6.000 0.000 -34.000 -17.000 -23.000 -46.000 
R0000015 > -660.000 -37.000 -26.000 -39.000 -40.000 -45.000 -5.000 0.000 -15.000 -46.000 -30.000 -50.000 0.000 -36.000 -5.000 -28.000 -17.000 -30.000 0.000 -43.000 -38.000 
R0000016 > -474.000 0.000 -18.000 -8.000 0.000 0.000 0.000 -38.000 -46.000 0.000 -16.000 0.000 -28.000 -18.000 0.000 -45.000 0.000 0.000 -23.000 -19.000 0.000 
R0000017 > -374.000 0.000 0.000 0.000 -15.000 -11.000 -47.000 -3.000 -42.000 -19.000 0.000 0.000 0.000 0.000 0.000 0.000 -44.000 -1.000 -35.000 0.000 0.000 
R0000018 > -915.000 -32.000 0.000 -41.000 -11.000 -33.000 -37.000 -23.000 -25.000 -14.000 -9.000 -5.000 -17.000 -44.000 -24.000 -21.000 -31.000 -36.000 -48.000 -41.000 -33.000 
R0000019 > -660.000 -41.000 -36.000 0.000 -46.000 -35.000 0.000 0.000 -44.000 -10.000 -12.000 0.000 -13.000 0.000 -14.000 0.000 -9.000 0.000 -20.000 -8.000 0.000 
