5 0 -1165.159 1541.765
15 20 -858.876 -2.522
C0000001 0.000 1500.000 19.000 I
C0000003 0.000 1500.000 47.000 I
C0000006 0.000 1500.000 44.000 I
C0000008 0.000 1500.000 47.000 I
C0000019 0.000 1500.000 40.000 I
C0000000 0.000 1500.000 -1.000 34.000 C
C0000002 0.000 1500.000 12.000 -27.000 C
C0000004 0.000 1500.000 40.000 -19.000 C
C0000005 0.000 1500.000 22.000 29.000 C
C0000007 0.000 1500.000 49.000 -4.000 C
C0000009 0.000 1500.000 -15.000 39.000 C
C0000010 0.000 1500.000 27.000 23.000 C
C0000011 0.000 1500.000 -6.000 9.000 C
C0000012 0.000 1500.000 43.000 -24.000 C
C0000013 0.000 1500.000 13.000 16.000 C
C0000014 0.000 1500.000 -38.000 18.000 C
C0000015 0.000 1500.000 47.000 -2.000 C
C0000016 0.000 1500.000 -25.000 -28.000 C
C0000017 0.000 1500.000 -46.000 -5.000 C
C0000018 0.000 1500.000 -41.000 -39.000 C
R0000000 > -634.000 -4.000 0.000 -10.000 -6.000 -10.000 0.000 -43.000 -21.000 -49.000 0.000 -21.000 -19.000 0.000 0.000 -18.000 0.000 0.000 0.000 -27.000 0.000 
R0000001 > -496.000 -14.000 -11.000 0.000 0.000 0.000 0.000 -17.000 -24.000 -24.000 -32.000 -44.000 0.000 -42.000 -8.000 -3.000 0.000 0.000 0.000 0.000 -20.000 
R0000002 > -1060.000 -13.000 -26.000 -7.000 -6.000 -6.000 -29.000 0.000 -15.000 -9.000 0.000 -3.000 -32.000 -27.000 -45.000 -14.000 -6.000 -48.000 -27.000 -44.000 -48.000 
R0000003 > -370.000 -33.000 -4.000 -3.000 -2.000 -30.000 -8.000 -41.000 0.000 -15.000 -34.000 0.000 -21.000 -13.000 -19.000 -27.000 -3.000 -20.000 0.000 0.000 -7.000 
R0000004 > -875.000 -28.000 -31.000 -24.000 -7.000 -44.000 -10.000 -25.000 -6.000 -1.000 0.000 -37.000 -19.000 0.000 0.000 -7.000 -37.000 -11.000 -18.000 -5.000 -27.000 
R0000005 > -701.000 0.000 -31.000 -4.000 -41.000 -39.000 0.000 0.000 -33.000 0.000 0.000 -13.000 -10.000 -28.000 -18.000 0.000 -37.000 -21.000 0.000 -15.000 0.000 
R0000006 > -1158.000 -35.000 -27.000 0.000 0.000 0.000 -39.000 0.000 -49.000 -12.000 0.000 -46.000 -36.000 -33.000 0.000 0.000 -11.000 0.000 -25.000 -16.000 -38.000 
R0000007 > -911.000 -45.000 -15.000 -3.000 -29.000 -44.000 -41.000 -44.000 -24.000 -2.000 -19.000 -15.000 -31.000 -6.000 -11.000 -20.000 -5.000 -28.000 -16.000 -15.000 -41.000 
R0000008 > -596.000 -38.000 0.000 -39.000 -2.000 0.000 0.000 -22.000 -19.000 -7.000 -35.000 0.000 -3.000 -47.000 -8.000 -50.000 -14.000 0.000 0.000 -50.000 -44.000 
R0000009 > -1065.000 -48.000 0.000 -31.000 0.000 -35.000 -41.000 0.000 0.000 0.000 0.000 -44.000 -44.000 -39.000 -44.000 -7.000 -39.000 -38.000 0.000 0.000 0.000 
R0000010 > -1050.000 -33.000 -5.000 -14.000 -20.000 -32.000 -16.000 -20.000 -37.000 -24.000 -32.000 0.000 -38.000 -30.000 -9.000 0.000 -46.000 0.000 -44.000 -16.000 -41.000 
R0000011 > -884.000 -43.000 -22.000 -38.000 -33.000 -11.000 -10.000 -23.000 -46.000 -12.000 -47.000 -16.000 -5.000 -49.000 -35.000 -21.000 -34.000 -4.000 -40.000 0.000 -18.000 
R0000012 > -214.000 -41.000 0.000 0.000 -46.000 -14.000 0.000 0.000 -36.000 0.000 -49.000 0.000 0.000 0.000 0.000 0.000 0.000 -6.000 0.000 0.000 -39.000 
R0000013 > -999.000 -12.000 -31.000 0.000 -32.000 0.000 -29.000 -35.000 -44.000 -26.000 -33.000 -13.000 -24.000 -42.000 -16.000 0.000 -36.000 -49.000 -35.000 -3.000 -16.000 
R0000014 > -916.000 0.000 -42.000 -33.000 0.000 0.000 0.000 0.000 -50.000 -38.000 0.000 -36.000 -22.000 -14.000 0.000 -17.000 -7.000 0.000 -31.000 0.000 0.000 
R0000015 > -740.000 0.000 0.000 -16.000 -3.000 0.000 -31.000 -32.000 -50.000 0.000 0.000 0.000 -14.000 -34.000 -11.000 -45.000 0.000 -35.000 0.000 -44.000 -40.000 
R0000016 > -469.000 0.000 -23.000 0.000 0.000 0.000 0.000 0.000 -26.000 -6.000 -37.000 -10.000 -18.000 -31.000 -45.000 -11.000 0.000 -21.000 0.000 0.000 0.000 
R0000017 > -536.000 -19.000 0.000 0.000 -29.000 -49.000 -5.000 -7.000 0.000 -35.000 -1.000 -21.000 -13.000 -34.000 -3.000 -4.000 0.000 -46.000 0.000 0.000 -47.000 
R0000018 > -119.000 -43.000 -3.000 0.000 -6.000 0.000 0.000 -5.000 0.000 0.000 0.000 0.000 0.000 -25.000 -14.000 -40.000 0.000 -29.000 0.000 -13.000 0.000 
R0000019 > -642.000 -40.000 -33.000 -7.000 0.000 -6.000 -35.000 0.000 -15.000 -30.000 -7.000 -12.000 -2.000 0.000 0.000 -38.000 0.000 -48.000 -22.000 -6.000 0.000 
