10 0 -977.162 717.776
10 20 -308.571 -0.000
C0000001 0.000 1500.000 -49.000 I
C0000002 0.000 1500.000 -33.000 I
C0000003 0.000 1500.000 43.000 I
C0000006 0.000 1500.000 -27.000 I
C0000008 0.000 1500.000 41.000 I
C0000009 0.000 1500.000 6.000 I
C0000010 0.000 1500.000 -17.000 I
C0000011 0.000 1500.000 -17.000 I
C0000015 0.000 1500.000 -28.000 I
C0000019 0.000 1500.000 29.000 I
C0000000 0.000 1500.000 13.000 6.000 C
C0000004 0.000 1500.000 -35.000 47.000 C
C0000005 0.000 1500.000 18.000 20.000 C
C0000007 0.000 1500.000 38.000 -11.000 C
C0000012 0.000 1500.000 9.000 32.000 C
C0000013 0.000 1500.000 18.000 37.000 C
C0000014 0.000 1500.000 -22.000 28.000 C
C0000016 0.000 1500.000 47.000 30.000 C
C0000017 0.000 1500.000 -42.000 4.000 C
C0000018 0.000 1500.000 -19.000 -30.000 C
R0000000 > -806.000 0.000 -22.000 -1.000 0.000 -20.000 -11.000 -25.000 -7.000 -40.000 -39.000 -18.000 -16.000 -29.000 -49.000 -34.000 -17.000 -14.000 -7.000 -2.000 -20.000 
R0000001 > -970.000 -49.000 -24.000 -20.000 -6.000 -12.000 -34.000 -36.000 -4.000 -37.000 -45.000 -13.000 -17.000 -37.000 -16.000 -42.000 -19.000 -45.000 -34.000 -30.000 -40.000 
R0000002 > -360.000 -44.000 0.000 -13.000 0.000 0.000 0.000 -7.000 -4.000 -26.000 -18.000 0.000 0.000 -19.000 -34.000 0.000 0.000 0.000 -2.000 0.000 -35.000 
R0000003 > -452.000 -26.000 -23.000 -20.000 -33.000 0.000 0.000 -13.000 -40.000 -19.000 -38.000 0.000 0.000 -10.000 -34.000 -10.000 -32.000 -13.000 -23.000 -9.000 0.000 
R0000004 > -676.000 -39.000 -12.000 -6.000 0.000 0.000 -45.000 -30.000 -46.000 0.000 -42.000 0.000 0.000 -7.000 -35.000 -27.000 -39.000 -46.000 0.000 -43.000 -29.000 
R0000005 > -499.000 -30.000 -49.000 -47.000 0.000 -15.000 -15.000 0.000 -11.000 -2.000 -7.000 -45.000 -14.000 0.000 -30.000 -28.000 -37.000 -15.000 -40.000 -11.000 0.000 
R0000006 > -501.000 -12.000 -32.000 -28.000 -50.000 0.000 -27.000 -8.000 -45.000 -16.000 -9.000 -38.000 -8.000 -15.000 -7.000 -21.000 -8.000 -44.000 -11.000 -19.000 -6.000 
R0000007 > -1023.000 -14.000 -35.000 -48.000 -31.000 -15.000 -22.000 -41.000 -3.000 -23.000 -12.000 -3.000 -33.000 -32.000 -7.000 -39.000 -14.000 -26.000 -14.000 -41.000 -50.000 
R0000008 > -331.000 -15.000 -17.000 -6.000 -39.000 0.000 -21.000 -21.000 -22.000 -2.000 0.000 -31.000 0.000 0.000 -32.000 0.000 0.000 -33.000 0.000 0.000 -23.000 
R0000009 > -403.000 -9.000 0.000 -23.000 0.000 -31.000 -45.000 -15.000 -34.000 0.000 -46.000 -11.000 -32.000 0.000 0.000 0.000 0.000 0.000 0.000 0.000 0.000 
R0000010 > -199.000 -1.000 -19.000 -19.000 -25.000 0.000 -19.000 0.000 -17.000 0.000 0.000 0.000 0.000 0.000 -1.000 -35.000 -15.000 -5.000 -7.000 0.000 0.000 
R0000011 > -559.000 -24.000 0.000 -18.000 0.000 0.000 0.000 -44.000 0.000 -41.000 0.000 -23.000 -24.000 0.000 0.000 -36.000 -8.000 -9.000 -15.000 0.000 -6.000 
R0000012 > -691.000 0.000 0.000 -12.000 -35.000 -25.000 -6.000 -18.000 -12.000 -41.000 -10.000 0.000 -7.000 -28.000 -28.000 0.000 0.000 -17.000 0.000 -48.000 -12.000 
R0000013 > -685.000 -44.000 -2.000 0.000 -23.000 -27.000 -10.000 -24.000 -36.000 0.000 -1.000 0.000 -9.000 0.000 -24.000 -41.000 -1.000 -38.000 0.000 -20.000 -25.000 
R0000014 > -491.000 -32.000 -12.000 -39.000 -6.000 -13.000 -41.000 -6.000 -10.000 -12.000 -10.000 -30.000 -12.000 -3.000 -36.000 -6.000 -34.000 -42.000 -25.000 -25.000 -31.000 
R0000015 > -821.000 -9.000 -38.000 -25.000 0.000 -35.000 -41.000 -42.000 -14.000 0.000 -3.000 0.000 -15.000 -29.000 0.000 -2.000 -14.000 0.000 0.000 -27.000 -33.000 
R0000016 > -978.000 -28.000 0.000 -7.000 -35.000 -48.000 -20.000 -42.000 -33.000 0.000 -12.000 -39.000 -44.000 -37.000 -14.000 -2.000 -16.000 -2.000 -2.000 -23.000 -44.000 
R0000017 > -1063.000 -12.000 -3.000 -46.000 0.000 -34.000 -27.000 -40.000 -50.000 -45.000 -32.000 -11.000 -5.000 -48.000 -40.000 -3.000 -23.000 -45.000 -11.000 -37.000 -39.000 
R0000018 > -542.000 -13.000 0.000 -47.000 0.000 0.000 -28.000 -3.000 0.000 -44.000 0.000 -8.000 0.000 -49.000 -36.000 -34.000 -28.000 0.000 0.000 -7.000 -20.000 
R0000019 > -598.000 0.000 -41.000 -44.000 0.000 0.000 -19.000 0.000 0.000 -18.000 -17.000 0.000 0.000 -34.000 0.000 -48.000 0.000 0.000 -48.000 -41.000 -26.000 
