5 0 -840.128 1198.315
15 20 -1072.948 -3.976
C0000001 0.000 1500.000 4.000 I
C0000004 0.000 1500.000 -3.000 I
C0000014 0.000 1500.000 18.000 I
C0000016 0.000 1500.000 44.000 I
C0000018 0.000 1500.000 39.000 I
C0000000 0.000 1500.000 16.000 4.000 C
C0000002 0.000 1500.000 9.000 47.000 C
C0000003 0.000 1500.000 41.000 -31.000 C
C0000005 0.000 1500.000 -10.000 -20.000 C
C0000006 0.000 1500.000 42.000 -30.000 C
C0000007 0.000 1500.000 -26.000 9.000 C
C0000008 0.000 1500.000 -41.000 47.000 C
C0000009 0.000 1500.000 43.000 2.000 C
C0000010 0.000 1500.000 32.000 -25.000 C
C0000011 0.000 1500.000 27.000 -40.000 C
C0000012 0.000 1500.000 42.000 -8.000 C
C0000013 0.000 1500.000 -37.000 -45.000 C
C0000015 0.000 1500.000 -21.000 27.000 C
C0000017 0.000 1500.000 37.000 22.000 C
C0000019 0.000 1500.000 6.000 -39.000 C
R0000000 > -931.000 0.000 -11.000 -23.000 -47.000 -7.000 -26.000 -10.000 -44.000 -34.000 -43.000 -38.000 -45.000 -32.000 -41.000 -48.000 -11.000 0.000 -43.000 -2.000 0.000 
R0000001 > -216.000 -32.000 0.000 -3.000 0.000 -13.000 -41.000 -16.000 -48.000 0.000 0.000 0.000 0.000 -16.000 -8.000 -41.000 0.000 0.000 0.000 -19.000 0.000 
R0000002 > -612.000 0.000 0.000 -50.000 0.000 -7.000 0.000 -13.000 0.000 -30.000 0.000 -29.000 -11.000 -46.000 0.000 -38.000 0.000 -1.000 0.000 0.000 0.000 
R0000003 > -649.000 -37.000 0.000 -21.000 -19.000 -35.000 -14.000 -18.000 -11.000 -3.000 0.000 -48.000 0.000 -35.000 -3.000 -2.000 -8.000 -29.000 -26.000 -42.000 -10.000 
R0000004 > -763.000 -34.000 -14.000 -8.000 -37.000 -20.000 -50.000 -25.000 -44.000 -7.000 -15.000 -29.000 -29.000 0.000 -9.000 -21.000 -8.000 -29.000 -8.000 0.000 -11.000 
R0000005 > -955.000 -14.000 -33.000 -46.000 -44.000 -12.000 -37.000 0.000 0.000 -47.000 -32.000 0.000 0.000 -4.000 -11.000 0.000 -8.000 -49.000 -30.000 -23.000 -48.000 
R0000006 > -1162.000 -36.000 -36.000 -2.000 -49.000 -18.000 -48.000 -49.000 0.000 -47.000 -47.000 0.000 -49.000 -41.000 -36.000 -33.000 -24.000 0.000 0.000 -46.000 -31.000 
R0000007 > -1038.000 -3.000 -24.000 -28.000 -1.000 -39.000 -10.000 -38.000 -40.000 -49.000 -47.000 -20.000 -5.000 -6.000 -47.000 -3.000 -38.000 -46.000 -36.000 -50.000 -7.000 
R0000008 > -481.000 0.000 0.000 0.000 -46.000 -2.000 -23.000 -41.000 -46.000 -5.000 -1.000 0.000 0.000 -8.000 -33.000 -43.000 0.000 -10.000 -30.000 -13.000 -14.000 
R0000009 > -673.000 0.000 -7.000 -9.000 0.000 0.000 -23.000 -39.000 0.000 0.000 -48.000 -10.000 -8.000 -49.000 -11.000 -8.000 -6.000 -29.000 0.000 -32.000 0.000 
R0000010 > -535.000 0.000 0.000 0.000 -19.000 -38.000 0.000 0.000 0.000 0.000 0.000 -3.000 -32.000 0.000 -10.000 0.000 -35.000 -30.000 0.000 -33.000 0.000 
R0000011 > -599.000 -23.000 0.000 -1.000 -9.000 -1.000 0.000 0.000 -19.000 -14.000 0.000 0.000 -46.000 0.000 -7.000 0.000 -9.000 -30.000 -14.000 -26.000 -35.000 
R0000012 > -653.000 0.000 -34.000 -38.000 -43.000 0.000 0.000 -19.000 0.000 -36.000 -8.000 -30.000 -28.000 -11.000 -26.000 0.000 -7.000 0.000 -10.000 -26.000 0.000 
R0000013 > -413.000 -22.000 0.000 -49.000 0.000 -19.000 0.000 0.000 0.000 -1.000 0.000 -26.000 -22.000 0.000 -31.000 0.000 0.000 -3.000 0.000 0.000 0.000 
R0000014 > -876.000 0.000 -3.000 -34.000 -49.000 -30.000 0.000 -47.000 0.000 0.000 0.000 0.000 -16.000 -49.000 -30.000 -39.000 -30.000 0.000 -38.000 0.000 -12.000 
R0000015 > -839.000 -40.000 -28.000 -40.000 0.000 -37.000 -18.000 -9.000 0.000 -13.000 -37.000 -13.000 -33.000 -4.000 -50.000 0.000 -18.000 -15.000 -5.000 -38.000 -26.000 
R0000016 > -964.000 -6.000 -45.000 -50.000 -10.000 -34.000 -4.000 -8.000 -33.000 0.000 -11.000 -34.000 -34.000 -2.000 -2.000 -37.000 -33.000 0.000 -39.000 -8.000 -49.000 
R0000017 > -799.000 0.000 -3.000 -43.000 -45.000 -5.000 -16.000 -8.000 0.000 -49.000 0.000 -37.000 -15.000 0.000 -36.000 -17.000 -19.000 -9.000 0.000 -7.000 -28.000 
R0000018 > -839.000 0.000 -18.000 0.000 -31.000 -40.000 -23.000 0.000 0.000 -34.000 0.000 -28.000 0.000 0.000 -47.000 -50.000 -36.000 -45.000 -8.000 -15.000 -35.000 
R0000019 > -807.000 -35.000 -21.000 0.000 -31.000 0.000 0.000 -9.000 -14.000 -37.000 -31.000 -36.000 -27.000 -28.000 -7.000 -5.000 -39.000 0.000 -33.000 -25.000 -38.000 
