15 0 -411.390 528.912
5 20 -84.115 -0.000
C0000000 0.000 1500.000 -27.000 I
C0000001 0.000 1500.000 -49.000 I
C0000002 0.000 1500.000 -36.000 I
C0000003 0.000 1500.000 43.000 I
C0000005 0.000 1500.000 1.000 I
C0000006 0.000 1500.000 9.000 I
C0000007 0.000 1500.000 15.000 I
C0000008 0.000 1500.000 46.000 I
C0000009 0.000 1500.000 21.000 I
C0000011 0.000 1500.000 21.000 I
C0000013 0.000 1500.000 -42.000 I
C0000014 0.000 1500.000 48.000 I
C0000015 0.000 1500.000 35.000 I
C0000017 0.000 1500.000 -16.000 I
C0000019 0.000 1500.000 -14.000 I
C0000004 0.000 1500.000 -32.000 33.000 C
C0000010 0.000 1500.000 -9.000 -11.000 C
C0000012 0.000 1500.000 -44.000 9.000 C
C0000016 0.000 1500.000 -17.000 -3.000 C
C0000018 0.000 1500.000 49.000 0.000 C
R0000000 > -538.000 0.000 -41.000 0.000 0.000 0.000 -44.000 -30.000 -7.000 0.000 0.000 -3.000 -48.000 -48.000 -22.000 -28.000 0.000 0.000 0.000 -12.000 -43.000 
R0000001 > -403.000 -13.000 -36.000 -13.000 -34.000 -13.000 -8.000 -36.000 -27.000 -2.000 -8.000 -6.000 -28.000 -6.000 -39.000 -13.000 -16.000 -4.000 -21.000 -27.000 -26.000 
R0000002 > -376.000 0.000 -29.000 -14.000 0.000 -32.000 -23.000 0.000 0.000 0.000 -35.000 -50.000 -41.000 0.000 0.000 -8.000 -7.000 0.000 -46.000 -22.000 -32.000 
R0000003 > -472.000 0.000 -50.000 -38.000 -29.000 -31.000 -19.000 -41.000 -24.000 -9.000 -42.000 -7.000 0.000 -6.000 0.000 -23.000 -3.000 -14.000 0.000 -47.000 -32.000 
R0000004 > -187.000 -44.000 0.000 -21.000 -18.000 -30.000 0.000 0.000 0.000 0.000 0.000 -33.000 -6.000 -7.000 0.000 -21.000 -12.000 -25.000 0.000 0.000 0.000 
R0000005 > -222.000 0.000 0.000 0.000 -12.000 -15.000 0.000 0.000 -43.000 -25.000 -15.000 -32.000 0.000 -23.000 -47.000 0.000 -50.000 0.000 -25.000 0.000 -15.000 
R0000006 > -262.000 0.000 -2.000 -48.000 -28.000 -27.000 0.000 0.000 -13.000 -3.000 -9.000 -36.000 0.000 -50.000 0.000 -23.000 0.000 0.000 0.000 0.000 -24.000 
R0000007 > -410.000 -19.000 -5.000 -49.000 -4.000 -42.000 -2.000 -3.000 -22.000 -2.000 -15.000 -1.000 -25.000 -23.000 0.000 -35.000 -38.000 -35.000 -20.000 -37.000 0.000 
R0000008 > -502.000 -25.000 -7.000 -48.000 -30.000 0.000 0.000 0.000 0.000 -46.000 -49.000 -41.000 -49.000 -1.000 -9.000 -13.000 -19.000 -42.000 -44.000 -7.000 -20.000 
R0000009 > -189.000 0.000 0.000 0.000 -3.000 0.000 0.000 -6.000 -2.000 -11.000 0.000 0.000 -33.000 0.000 0.000 0.000 0.000 -16.000 0.000 0.000 0.000 
R0000010 > -562.000 0.000 -24.000 -32.000 -30.000 -20.000 0.000 -17.000 -37.000 -33.000 -14.000 -8.000 -44.000 -48.000 -26.000 0.000 -37.000 -25.000 0.000 -49.000 -9.000 
R0000011 > -432.000 0.000 -34.000 0.000 0.000 -20.000 0.000 -36.000 -10.000 -30.000 -28.000 -15.000 -26.000 -46.000 0.000 -38.000 0.000 -18.000 -17.000 0.000 0.000 
R0000012 > -391.000 -1.000 -41.000 -50.000 -10.000 -5.000 -41.000 0.000 0.000 -12.000 -20.000 -41.000 0.000 -42.000 0.000 0.000 0.000 -40.000 0.000 -10.000 0.000 
R0000013 > -410.000 -13.000 0.000 -42.000 0.000 -34.000 -33.000 -50.000 -24.000 -15.000 0.000 -44.000 -44.000 -13.000 0.000 -20.000 0.000 0.000 -10.000 0.000 -30.000 
R0000014 > -255.000 -20.000 0.000 -23.000 -40.000 -43.000 0.000 0.000 -40.000 0.000 0.000 0.000 0.000 0.000 -2.000 0.000 -13.000 -24.000 0.000 -37.000 -3.000 
R0000015 > -767.000 -24.000 0.000 -8.000 -3.000 -26.000 -6.000 0.000 -45.000 -22.000 -19.000 -21.000 -46.000 -41.000 -22.000 -2.000 -8.000 -48.000 0.000 -48.000 -43.000 
R0000016 > -748.000 -42.000 -31.000 -28.000 0.000 -9.000 -46.000 -39.000 -38.000 -1.000 -48.000 -40.000 -35.000 -42.000 -45.000 -47.000 0.000 -49.000 -33.000 -37.000 -20.000 
R0000017 > -519.000 -39.000 -21.000 -22.000 -42.000 -3.000 -44.000 0.000 -6.000 -7.000 -35.000 -9.000 -44.000 -1.000 -20.000 -48.000 -38.000 -41.000 -12.000 -6.000 -22.000 
R0000018 > -378.000 -42.000 0.000 -3.000 0.000 -4.000 0.000 -13.000 -17.000 0.000 -36.000 -1.000 -17.000 0.000 0.000 -47.000 -23.000 -48.000 0.000 -31.000 0.000 
R0000019 > -367.000 0.000 -43.000 -50.000 -48.000 0.000 -10.000 -47.000 0.000 -34.000 -14.000 0.000 -8.000 0.000 0.000 -8.000 0.000 -12.000 -14.000 -2.000 -34.000 
