15 0 -601.339 268.396
5 20 -119.143 -0.000
C0000000 0.000 1500.000 9.000 I
C0000001 0.000 1500.000 49.000 I
C0000003 0.000 1500.000 44.000 I
C0000004 0.000 1500.000 -16.000 I
C0000005 0.000 1500.000 -22.000 I
C0000006 0.000 1500.000 48.000 I
C0000008 0.000 1500.000 9.000 I
C0000009 0.000 1500.000 -29.000 I
C0000011 0.000 1500.000 -47.000 I
C0000012 0.000 1500.000 -17.000 I
C0000013 0.000 1500.000 28.000 I
C0000014 0.000 1500.000 1.000 I
C0000015 0.000 1500.000 26.000 I
C0000016 0.000 1500.000 -33.000 I
C0000019 0.000 1500.000 5.000 I
C0000002 0.000 1500.000 7.000 -29.000 C
C0000007 0.000 1500.000 24.000 -3.000 C
C0000010 0.000 1500.000 -34.000 13.000 C
C0000017 0.000 1500.000 -48.000 0.000 C
C0000018 0.000 1500.000 14.000 -31.000 C
R0000000 > -758.000 -32.000 -30.000 -28.000 -49.000 -27.000 -18.000 -37.000 0.000 -30.000 -32.000 0.000 0.000 -48.000 -16.000 -26.000 -29.000 -5.000 0.000 0.000 -21.000 
R0000001 > -725.000 -21.000 -41.000 -23.000 -15.000 -40.000 -27.000 -1.000 -48.000 -14.000 -22.000 -8.000 -3.000 -21.000 -24.000 -22.000 -4.000 0.000 -8.000 -28.000 -48.000 
R0000002 > -485.000 0.000 -7.000 -22.000 -16.000 0.000 0.000 0.000 0.000 -39.000 0.000 -49.000 -42.000 0.000 -2.000 0.000 -17.000 -45.000 -20.000 -34.000 -13.000 
R0000003 > -260.000 0.000 0.000 -11.000 0.000 -4.000 0.000 0.000 0.000 -3.000 -2.000 0.000 -1.000 -37.000 -16.000 0.000 -41.000 -11.000 -50.000 0.000 -45.000 
R0000004 > -331.000 -36.000 -17.000 -6.000 0.000 -15.000 -50.000 -40.000 0.000 -13.000 -7.000 -34.000 -20.000 -47.000 0.000 -32.000 -8.000 -16.000 -18.000 -9.000 -6.000 
R0000005 > -801.000 -33.000 -41.000 -16.000 -34.000 -39.000 -3.000 -24.000 -13.000 -7.000 -30.000 -35.000 -46.000 -6.000 -34.000 -6.000 -49.000 -8.000 -6.000 -31.000 -25.000 
R0000006 > -490.000 0.000 -32.000 -41.000 -22.000 -20.000 -38.000 -23.000 -29.000 -45.000 -18.000 -25.000 -30.000 -7.000 0.000 -24.000 -32.000 0.000 -30.000 -5.000 -12.000 
R0000007 > -369.000 0.000 -18.000 0.000 -12.000 -19.000 0.000 -49.000 -33.000 -16.000 -29.000 -39.000 0.000 -46.000 -26.000 -11.000 -22.000 -11.000 -46.000 -15.000 -29.000 
R0000008 > -577.000 0.000 -3.000 -37.000 0.000 -33.000 -19.000 0.000 0.000 0.000 -7.000 0.000 -45.000 -20.000 -3.000 0.000 -7.000 -49.000 -45.000 -46.000 -50.000 
R0000009 > -668.000 -30.000 0.000 0.000 -40.000 -36.000 -47.000 -47.000 0.000 -24.000 -18.000 -26.000 -24.000 -41.000 -15.000 0.000 0.000 0.000 -21.000 -30.000 -20.000 
R0000010 > -526.000 -19.000 -41.000 -15.000 -15.000 0.000 -12.000 -7.000 0.000 -47.000 -24.000 -40.000 -15.000 -3.000 -24.000 -35.000 -11.000 -8.000 -28.000 -7.000 -7.000 
R0000011 > -500.000 -3.000 -35.000 -20.000 -26.000 -44.000 0.000 -44.000 -3.000 -23.000 0.000 -44.000 -44.000 -6.000 0.000 -9.000 0.000 -23.000 -9.000 -40.000 0.000 
R0000012 > -679.000 -27.000 -14.000 -43.000 -43.000 -15.000 -14.000 -12.000 -27.000 -3.000 -37.000 -36.000 -43.000 -41.000 -20.000 -28.000 -32.000 -1.000 -6.000 0.000 0.000 
R0000013 > -707.000 -15.000 -34.000 -6.000 -31.000 -17.000 -20.000 -39.000 -16.000 -50.000 0.000 -28.000 -5.000 0.000 -39.000 -23.000 -24.000 -34.000 -8.000 -15.000 -31.000 
R0000014 > -511.000 0.000 -44.000 0.000 0.000 0.000 0.000 -32.000 0.000 -32.000 0.000 0.000 0.000 0.000 -47.000 -20.000 -18.000 0.000 -33.000 -40.000 -13.000 
R0000015 > -610.000 -32.000 0.000 0.000 -29.000 0.000 0.000 0.000 -28.000 -12.000 -9.000 -11.000 -1.000 0.000 -22.000 -33.000 0.000 0.000 -14.000 -32.000 0.000 
R0000016 > -638.000 -31.000 -29.000 -1.000 -27.000 -20.000 -1.000 -5.000 -42.000 -38.000 -27.000 -2.000 -37.000 0.000 0.000 -6.000 -44.000 -26.000 -16.000 -27.000 -42.000 
R0000017 > -248.000 0.000 0.000 -6.000 0.000 -13.000 0.000 -29.000 -8.000 -46.000 -16.000 -4.000 0.000 0.000 -21.000 0.000 -21.000 -11.000 -38.000 0.000 -14.000 
R0000018 > -27.000 0.000 0.000 0.000 0.000 -45.000 0.000 -26.000 0.000 0.000 0.000 -1.000 0.000 -4.000 0.000 0.000 -30.000 0.000 0.000 0.000 -9.000 
R0000019 > -363.000 -37.000 -2.000 0.000 -16.000 0.000 -48.000 0.000 -2.000 -49.000 -7.000 -26.000 0.000 -38.000 0.000 0.000 -27.000 0.000 -17.000 0.000 0.000 
