5 0 -196.492 183.583
10 20 -117.427 -0.000
C0000000 0.000 1500.000 8.000 I
C0000002 0.000 1500.000 -35.000 I
C0000004 0.000 1500.000 10.000 I
C0000009 0.000 1500.000 -40.000 I
C0000011 0.000 1500.000 46.000 I
C0000001 0.000 1500.000 7.000 0.000 C
C0000003 0.000 1500.000 4.000 23.000 C
C0000005 0.000 1500.000 41.000 -24.000 C
C0000006 0.000 1500.000 26.000 0.000 C
C0000007 0.000 1500.000 -25.000 20.000 C
C0000008 0.000 1500.000 -37.000 -33.000 C
C0000010 0.000 1500.000 -37.000 17.000 C
C0000012 0.000 1500.000 43.000 12.000 C
C0000013 0.000 1500.000 41.000 -33.000 C
C0000014 0.000 1500.000 -4.000 0.000 C
R0000000 > -320.000 0.000 -50.000 -12.000 -14.000 -17.000 0.000 0.000 0.000 0.000 0.000 -35.000 -21.000 0.000 -23.000 -49.000 
R0000001 > -373.000 -3.000 -18.000 -46.000 -24.000 -9.000 -34.000 -50.000 -12.000 -27.000 -46.000 0.000 -12.000 -45.000 0.000 -29.000 
R0000002 > -15.000 -36.000 -3.000 -1.000 0.000 -33.000 -7.000 -45.000 0.000 0.000 0.000 -27.000 0.000 -46.000 -24.000 -4.000 
R0000003 > -292.000 -40.000 -34.000 -14.000 -47.000 0.000 -17.000 0.000 0.000 -12.000 0.000 -8.000 -8.000 0.000 -18.000 -35.000 
R0000004 > -186.000 -13.000 0.000 -45.000 0.000 -5.000 -9.000 -39.000 0.000 0.000 -36.000 -11.000 -21.000 -8.000 -23.000 -33.000 
R0000005 > -408.000 0.000 -41.000 -4.000 -24.000 -22.000 -37.000 -12.000 0.000 -21.000 -26.000 0.000 -15.000 0.000 -29.000 -8.000 
R0000006 > -54.000 -24.000 -8.000 -14.000 0.000 -41.000 -1.000 0.000 0.000 -14.000 0.000 -29.000 0.000 -38.000 0.000 -8.000 
R0000007 > -93.000 0.000 0.000 0.000 0.000 -24.000 0.000 0.000 0.000 -13.000 0.000 -3.000 -40.000 -36.000 0.000 0.000 
R0000008 > -345.000 -38.000 -35.000 -17.000 0.000 -28.000 -29.000 -28.000 0.000 -2.000 -21.000 -40.000 -42.000 -16.000 -39.000 -20.000 
R0000009 > -231.000 0.000 -20.000 -28.000 -40.000 -34.000 0.000 0.000 -11.000 -49.000 0.000 -12.000 -1.000 0.000 -31.000 0.000 
R0000010 > -404.000 0.000 -40.000 -5.000 -12.000 -25.000 0.000 -2.000 -35.000 0.000 -26.000 -26.000 -38.000 0.000 0.000 0.000 
R0000011 > -100.000 -31.000 0.000 -36.000 -7.000 0.000 -6.000 0.000 0.000 -22.000 0.000 -49.000 -32.000 -11.000 -45.000 -6.000 
R0000012 > -241.000 -3.000 -5.000 -3.000 0.000 0.000 -23.000 0.000 -36.000 0.000 -37.000 -9.000 -34.000 0.000 -44.000 -42.000 
R0000013 > -320.000 -39.000 -48.000 -39.000 -40.000 -4.000 -7.000 0.000 -34.000 0.000 0.000 -11.000 0.000 0.000 -47.000 -26.000 
R0000014 > -120.000 -40.000 0.000 0.000 -37.000 -43.000 -2.000 -36.000 -17.000 -32.000 0.000 -39.000 -7.000 -41.000 -12.000 -10.000 
R0000015 > -105.000 0.000 -21.000 -46.000 0.000 -35.000 -31.000 0.000 -21.000 0.000 0.000 -7.000 0.000 0.000 0.000 0.000 
R0000016 > -363.000 -32.000 -35.000 -17.000 -50.000 -1.000 -12.000 -42.000 -34.000 -50.000 0.000 -40.000 -19.000 -6.000 -39.000 -39.000 
R0000017 > -106.000 -45.000 0.000 -14.000 -18.000 -29.000 -27.000 0.000 -25.000 -34.000 -9.000 -5.000 0.000 -8.000 -41.000 -7.000 
R0000018 > -352.000 -22.000 -50.000 -16.000 0.000 0.000 -18.000 0.000 0.000 -46.000 -14.000 0.000 0.000 -4.000 -20.000 0.000 
R0000019 > -352.000 -19.000 -48.000 0.000 0.000 -45.000 -11.000 -38.000 0.000 -44.000 -1.000 0.000 -32.000 -49.000 -49.000 -22.000 
