5 0 -706.028 896.900
15 20 -1102.716 -0.000
C0000008 0.000 1500.000 36.000 I
C0000011 0.000 1500.000 -25.000 I
C0000012 0.000 1500.000 -40.000 I
C0000013 0.000 1500.000 43.000 I
C0000018 0.000 1500.000 -32.000 I
C0000000 0.000 1500.000 28.000 33.000 C
C0000001 0.000 1500.000 25.000 -18.000 C
C0000002 0.000 1500.000 24.000 28.000 C
C0000003 0.000 1500.000 -19.000 14.000 C
C0000004 0.000 1500.000 -21.000 24.000 C
C0000005 0.000 1500.000 -16.000 18.000 C
C0000006 0.000 1500.000 -9.000 -39.000 C
C0000007 0.000 1500.000 -5.000 -34.000 C
C0000009 0.000 1500.000 12.000 36.000 C
C0000010 0.000 1500.000 31.000 29.000 C
C0000014 0.000 1500.000 -18.000 28.000 C
C0000015 0.000 1500.000 -18.000 -30.000 C
C0000016 0.000 1500.000 49.000 37.000 C
C0000017 0.000 1500.000 33.000 -1.000 C
C0000019 0.000 1500.000 10.000 47.000 C
R0000000 > -1227.000 -46.000 -20.000 -25.000 -21.000 -17.000 -50.000 -38.000 0.000 0.000 -43.000 -9.000 -30.000 -41.000 -36.000 -33.000 -13.000 -37.000 -45.000 -21.000 -42.000 
R0000001 > -595.000 0.000 -33.000 -44.000 -31.000 0.000 -28.000 -34.000 -36.000 0.000 0.000 -2.000 -18.000 -16.000 -28.000 0.000 0.000 -50.000 -14.000 -28.000 0.000 
R0000002 > -1230.000 -46.000 -21.000 -42.000 -5.000 -24.000 0.000 -17.000 -14.000 -37.000 -26.000 -39.000 -20.000 -47.000 -42.000 -45.000 -48.000 -28.000 -30.000 -9.000 -49.000 
R0000003 > -300.000 0.000 0.000 -43.000 -37.000 0.000 0.000 -18.000 -43.000 0.000 0.000 0.000 0.000 -39.000 0.000 0.000 0.000 0.000 -45.000 0.000 0.000 
R0000004 > -901.000 -33.000 -19.000 0.000 -21.000 -38.000 0.000 0.000 -23.000 0.000 0.000 -37.000 -27.000 0.000 0.000 -5.000 -48.000 -6.000 0.000 -15.000 -21.000 
R0000005 > -827.000 -5.000 -48.000 -7.000 -31.000 -3.000 -31.000 -25.000 -2.000 -3.000 0.000 -40.000 0.000 -12.000 -16.000 -28.000 -20.000 0.000 0.000 -6.000 -37.000 
R0000006 > -1008.000 0.000 -3.000 -37.000 0.000 -11.000 -45.000 -45.000 -22.000 -5.000 -27.000 -14.000 -39.000 -3.000 0.000 -43.000 -41.000 -18.000 0.000 -48.000 -13.000 
R0000007 > -835.000 -6.000 -25.000 -39.000 -15.000 0.000 -41.000 -44.000 -33.000 0.000 -16.000 -7.000 -1.000 -11.000 0.000 0.000 -49.000 -11.000 -30.000 -2.000 -37.000 
R0000008 > -717.000 -8.000 -23.000 -30.000 -4.000 -28.000 -27.000 -34.000 0.000 -8.000 -44.000 0.000 -36.000 0.000 -19.000 -25.000 0.000 -2.000 -19.000 0.000 0.000 
R0000009 > -711.000 0.000 0.000 0.000 0.000 -50.000 -19.000 -35.000 -1.000 0.000 -44.000 0.000 -8.000 0.000 0.000 -31.000 0.000 0.000 -49.000 -11.000 -27.000 
R0000010 > -843.000 -39.000 -40.000 0.000 0.000 -16.000 -49.000 0.000 -30.000 0.000 0.000 -43.000 -42.000 0.000 -23.000 0.000 0.000 0.000 0.000 -22.000 -46.000 
R0000011 > -942.000 -43.000 0.000 -17.000 -17.000 -23.000 -7.000 0.000 -9.000 -10.000 0.000 -17.000 -30.000 0.000 0.000 -38.000 -45.000 -20.000 -9.000 -5.000 0.000 
R0000012 > -527.000 -4.000 0.000 -38.000 -16.000 0.000 -34.000 -14.000 0.000 -37.000 -7.000 -23.000 0.000 0.000 0.000 0.000 0.000 -14.000 -44.000 0.000 0.000 
R0000013 > -1146.000 -10.000 -4.000 -48.000 -20.000 -44.000 -43.000 -18.000 -8.000 -31.000 -7.000 -33.000 -22.000 -9.000 -21.000 -2.000 -30.000 -33.000 -42.000 -19.000 -45.000 
R0000014 > -666.000 -21.000 0.000 0.000 -29.000 -32.000 -22.000 0.000 0.000 0.000 -39.000 0.000 0.000 0.000 -43.000 -31.000 0.000 -25.000 -42.000 0.000 0.000 
R0000015 > -1025.000 -18.000 -9.000 -2.000 -27.000 -43.000 0.000 0.000 0.000 -20.000 -14.000 -37.000 -42.000 -7.000 -21.000 -32.000 -34.000 -18.000 0.000 0.000 -30.000 
R0000016 > -416.000 -5.000 0.000 0.000 0.000 -22.000 -9.000 -6.000 -29.000 -19.000 0.000 0.000 0.000 -9.000 0.000 -2.000 0.000 -28.000 -48.000 -33.000 -32.000 
R0000017 > -1238.000 -32.000 -37.000 -33.000 -50.000 -40.000 -13.000 -36.000 0.000 -35.000 -16.000 -38.000 -48.000 -23.000 -50.000 0.000 0.000 -37.000 -40.000 -30.000 -25.000 
R0000018 > -474.000 0.000 -30.000 -26.000 -44.000 -30.000 0.000 -14.000 -22.000 0.000 0.000 0.000 0.000 -46.000 -39.000 -7.000 -12.000 -16.000 0.000 -23.000 0.000 
R0000019 > -991.000 -33.000 -5.000 -38.000 -2.000 -41.000 -5.000 -21.000 -21.000 -42.000 -12.000 -45.000 -8.000 -3.000 0.000 -11.000 -27.000 -8.000 -50.000 -3.000 -30.000 
