20 0 -1799.093 -119.899
10 30 -255.094 294.934
C0000000 0.000 300.000 12.000 I
C0000001 0.000 300.000 -15.000 I
C0000002 0.000 300.000 13.000 I
C0000004 0.000 300.000 -29.000 I
C0000006 0.000 300.000 -7.000 I
C0000007 0.000 300.000 -22.000 I
C0000008 0.000 300.000 28.000 I
C0000009 0.000 300.000 18.000 I
C0000010 0.000 300.000 -18.000 I
C0000013 0.000 300.000 -22.000 I
C0000016 0.000 300.000 22.000 I
C0000017 0.000 300.000 -29.000 I
C0000020 0.000 300.000 -8.000 I
C0000021 0.000 300.000 -21.000 I
C0000023 0.000 300.000 -16.000 I
C0000024 0.000 300.000 29.000 I
C0000025 0.000 300.000 16.000 I
C0000026 0.000 300.000 -21.000 I
C0000027 0.000 300.000 -25.000 I
C0000029 0.000 300.000 -25.000 I
C0000003 0.000 300.000 6.000 18.000 C
C0000005 0.000 300.000 8.000 -10.000 C
C0000011 0.000 300.000 -20.000 -13.000 C
C0000012 0.000 300.000 -8.000 -10.000 C
C0000014 0.000 300.000 6.000 4.000 C
C0000015 0.000 300.000 5.000 -2.000 C
C0000018 0.000 300.000 22.000 -1.000 C
C0000019 0.000 300.000 19.000 -12.000 C
C0000022 0.000 300.000 -16.000 7.000 C
C0000028 0.000 300.000 -6.000 -9.000 C
R0000000 < 16.000 7.000 -4.000 -16.000 -16.000 0.000 0.000 0.000 0.000 22.000 0.000 19.000 13.000 0.000 -17.000 -2.000 0.000 3.000 0.000 23.000 24.000 18.000 16.000 -12.000 12.000 -8.000 19.000 24.000 -30.000 -24.000 -27.000 
R0000001 < 32.000 25.000 16.000 -17.000 17.000 -23.000 -12.000 0.000 25.000 -3.000 9.000 0.000 -1.000 -2.000 0.000 25.000 -1.000 0.000 -21.000 -26.000 0.000 0.000 17.000 3.000 -8.000 10.000 22.000 13.000 22.000 6.000 -15.000 
R0000002 < -188.000 14.000 0.000 8.000 3.000 0.000 -18.000 0.000 -20.000 0.000 -24.000 -15.000 3.000 0.000 15.000 -1.000 28.000 26.000 0.000 -2.000 -15.000 -14.000 19.000 9.000 11.000 -29.000 -15.000 -25.000 -18.000 21.000 -25.000 
R0000003 < -24.000 -28.000 0.000 18.000 11.000 0.000 0.000 -18.000 -16.000 0.000 30.000 0.000 -2.000 0.000 -6.000 0.000 0.000 0.000 0.000 0.000 0.000 -1.000 9.000 18.000 14.000 13.000 -29.000 23.000 10.000 7.000 0.000 
R0000004 < 272.000 0.000 13.000 21.000 0.000 -27.000 28.000 6.000 28.000 -9.000 7.000 -17.000 0.000 -21.000 20.000 -13.000 0.000 -12.000 6.000 16.000 -25.000 -28.000 0.000 -1.000 -7.000 27.000 0.000 -21.000 -19.000 5.000 -12.000 
R0000005 < -73.000 0.000 0.000 0.000 -18.000 0.000 -26.000 27.000 26.000 -5.000 -13.000 0.000 0.000 0.000 0.000 0.000 -27.000 0.000 7.000 10.000 0.000 0.000 20.000 0.000 10.000 0.000 0.000 26.000 0.000 0.000 0.000 
R0000006 < -159.000 -2.000 -9.000 2.000 -22.000 13.000 27.000 -29.000 -16.000 12.000 22.000 19.000 -25.000 -5.000 -14.000 28.000 2.000 -4.000 -27.000 11.000 0.000 23.000 0.000 -26.000 -3.000 7.000 23.000 0.000 -10.000 -6.000 3.000 
R0000007 < -257.000 9.000 -13.000 6.000 -28.000 -8.000 11.000 0.000 0.000 -27.000 21.000 0.000 -2.000 -15.000 -19.000 8.000 -18.000 -4.000 0.000 25.000 29.000 -2.000 -10.000 17.000 9.000 -11.000 -23.000 -8.000 12.000 -2.000 -16.000 
R0000008 < -442.000 -25.000 0.000 18.000 -28.000 11.000 0.000 -30.000 -30.000 -1.000 8.000 -12.000 18.000 -29.000 -14.000 -12.000 -2.000 27.000 0.000 -27.000 14.000 0.000 28.000 20.000 -14.000 -18.000 -30.000 -2.000 -18.000 3.000 -7.000 
R0000009 < -193.000 10.000 14.000 0.000 -25.000 0.000 -13.000 0.000 -24.000 6.000 13.000 23.000 -19.000 0.000 -5.000 15.000 13.000 2.000 -26.000 22.000 0.000 10.000 -23.000 13.000 0.000 30.000 0.000 0.000 29.000 22.000 0.000 
R0000010 < 19.000 0.000 18.000 0.000 0.000 0.000 0.000 0.000 0.000 25.000 0.000 11.000 5.000 0.000 0.000 2.000 0.000 -23.000 10.000 20.000 19.000 -23.000 0.000 0.000 -15.000 -1.000 -12.000 16.000 0.000 0.000 27.000 
R0000011 < -81.000 0.000 0.000 0.000 -26.000 0.000 0.000 0.000 0.000 -26.000 0.000 24.000 0.000 0.000 -25.000 17.000 0.000 -24.000 7.000 30.000 0.000 -25.000 0.000 2.000 0.000 20.000 4.000 8.000 29.000 -2.000 -5.000 
R0000012 < 182.000 0.000 -2.000 -30.000 0.000 -30.000 21.000 1.000 -9.000 -16.000 -21.000 27.000 6.000 -11.000 -5.000 23.000 -26.000 29.000 -15.000 -7.000 15.000 12.000 17.000 0.000 23.000 0.000 28.000 -17.000 -1.000 -21.000 -2.000 
R0000013 < 217.000 -5.000 0.000 25.000 2.000 25.000 24.000 2.000 -18.000 9.000 25.000 -29.000 10.000 -19.000 -8.000 2.000 -4.000 -25.000 27.000 15.000 -11.000 -8.000 20.000 13.000 -20.000 8.000 28.000 3.000 9.000 1.000 18.000 
R0000014 < 518.000 0.000 -13.000 30.000 24.000 10.000 24.000 18.000 16.000 17.000 11.000 -4.000 20.000 12.000 0.000 3.000 0.000 22.000 27.000 -24.000 25.000 -2.000 -28.000 -27.000 0.000 26.000 -29.000 23.000 -1.000 -5.000 -24.000 
R0000015 < 118.000 0.000 16.000 0.000 -13.000 0.000 0.000 23.000 -28.000 0.000 0.000 9.000 22.000 0.000 -3.000 0.000 0.000 0.000 0.000 0.000 0.000 0.000 -6.000 0.000 -4.000 7.000 0.000 0.000 0.000 3.000 -8.000 
R0000016 < 63.000 12.000 -16.000 -19.000 -17.000 18.000 0.000 24.000 -11.000 10.000 23.000 -16.000 0.000 22.000 -23.000 0.000 -12.000 18.000 0.000 -7.000 5.000 0.000 -3.000 -13.000 0.000 17.000 24.000 -4.000 -16.000 24.000 16.000 
R0000017 < -81.000 -29.000 0.000 -22.000 12.000 5.000 26.000 -25.000 -3.000 0.000 0.000 -20.000 0.000 15.000 -25.000 21.000 -5.000 -14.000 -10.000 -20.000 13.000 0.000 29.000 18.000 16.000 0.000 -3.000 10.000 -16.000 -20.000 -14.000 
R0000018 < 278.000 0.000 0.000 -11.000 12.000 0.000 0.000 0.000 29.000 -18.000 -16.000 23.000 29.000 0.000 0.000 -16.000 0.000 -3.000 0.000 -5.000 0.000 0.000 -22.000 0.000 0.000 0.000 17.000 0.000 8.000 0.000 -20.000 
R0000019 < 49.000 17.000 -20.000 0.000 -10.000 0.000 6.000 0.000 -8.000 0.000 -26.000 0.000 0.000 19.000 21.000 -25.000 0.000 0.000 -1.000 0.000 -14.000 0.000 -27.000 -23.000 0.000 0.000 0.000 0.000 0.000 0.000 -6.000 
R0000020 < -84.000 18.000 1.000 6.000 -9.000 16.000 -22.000 0.000 15.000 -9.000 19.000 -16.000 0.000 16.000 0.000 18.000 0.000 -20.000 5.000 20.000 -5.000 0.000 0.000 0.000 4.000 0.000 0.000 10.000 -16.000 0.000 0.000 
R0000021 < -96.000 0.000 0.000 8.000 0.000 -5.000 0.000 -10.000 0.000 15.000 0.000 8.000 -6.000 -9.000 6.000 0.000 0.000 0.000 0.000 -29.000 0.000 11.000 14.000 -22.000 -14.000 0.000 -15.000 0.000 0.000 -18.000 0.000 
R0000022 < -97.000 0.000 0.000 -13.000 -20.000 11.000 16.000 22.000 0.000 11.000 14.000 -18.000 -13.000 15.000 0.000 0.000 0.000 5.000 -26.000 -20.000 -19.000 19.000 -16.000 0.000 -27.000 0.000 9.000 14.000 -1.000 -18.000 -21.000 
R0000023 < 42.000 23.000 0.000 0.000 0.000 13.000 0.000 0.000 -18.000 0.000 0.000 -1.000 24.000 11.000 0.000 0.000 -20.000 0.000 -9.000 -12.000 0.000 0.000 0.000 0.000 -16.000 0.000 0.000 0.000 1.000 27.000 0.000 
R0000024 < 97.000 0.000 -28.000 0.000 28.000 0.000 -18.000 -16.000 3.000 -4.000 0.000 0.000 -2.000 -2.000 0.000 -23.000 0.000 -11.000 16.000 -19.000 0.000 -24.000 0.000 0.000 13.000 15.000 12.000 -14.000 0.000 9.000 16.000 
R0000025 < -240.000 0.000 16.000 13.000 -7.000 0.000 0.000 0.000 -13.000 0.000 0.000 -10.000 0.000 0.000 -25.000 5.000 0.000 0.000 -19.000 18.000 0.000 0.000 27.000 -3.000 8.000 0.000 0.000 18.000 0.000 -26.000 24.000 
R0000026 < -36.000 0.000 0.000 11.000 30.000 0.000 -26.000 0.000 9.000 0.000 21.000 0.000 -19.000 0.000 4.000 17.000 29.000 6.000 9.000 0.000 27.000 0.000 -18.000 0.000 3.000 0.000 -23.000 0.000 0.000 -5.000 18.000 
R0000027 < 56.000 0.000 0.000 0.000 0.000 0.000 0.000 26.000 -16.000 7.000 -7.000 0.000 0.000 0.000 0.000 25.000 -15.000 0.000 2.000 0.000 -25.000 0.000 0.000 0.000 0.000 0.000 0.000 21.000 2.000 0.000 -6.000 
R0000028 < 81.000 -12.000 3.000 -24.000 -5.000 10.000 0.000 18.000 0.000 0.000 0.000 19.000 -6.000 4.000 0.000 29.000 4.000 -20.000 -10.000 -20.000 0.000 18.000 3.000 -10.000 10.000 25.000 -14.000 -24.000 21.000 1.000 -6.000 
R0000029 < -225.000 10.000 15.000 0.000 0.000 0.000 -18.000 0.000 0.000 0.000 -18.000 -16.000 -12.000 24.000 0.000 0.000 0.000 9.000 0.000 29.000 0.000 -20.000 0.000 -28.000 0.000 -25.000 0.000 20.000 -15.000 0.000 -5.000 
