15 0 -700.207 817.250
5 20 -354.667 -0.000
C0000000 0.000 1500.000 20.000 I
C0000003 0.000 1500.000 18.000 I
C0000005 0.000 1500.000 32.000 I
C0000006 0.000 1500.000 -14.000 I
C0000007 0.000 1500.000 -1.000 I
C0000008 0.000 1500.000 11.000 I
C0000009 0.000 1500.000 22.000 I
C0000010 0.000 1500.000 -29.000 I
C0000011 0.000 1500.000 24.000 I
C0000012 0.000 1500.000 33.000 I
C0000014 0.000 1500.000 -41.000 I
C0000015 0.000 1500.000 12.000 I
C0000016 0.000 1500.000 -30.000 I
C0000017 0.000 1500.000 -9.000 I
C0000019 0.000 1500.000 -6.000 I
C0000001 0.000 1500.000 35.000 2.000 C
C0000002 0.000 1500.000 11.000 13.000 C
C0000004 0.000 1500.000 -29.000 -28.000 C
C0000013 0.000 1500.000 3.000 -24.000 C
C0000018 0.000 1500.000 -41.000 -11.000 C
R0000000 > -724.000 -36.000 -19.000 0.000 -17.000 -11.000 0.000 -33.000 -8.000 -4.000 0.000 -47.000 -50.000 -6.000 -32.000 -33.000 0.000 -29.000 -12.000 0.000 -49.000 
R0000001 > -934.000 -38.000 -12.000 -21.000 -12.000 -47.000 -19.000 -46.000 -7.000 0.000 0.000 -9.000 -38.000 -8.000 -39.000 -19.000 -40.000 -18.000 -49.000 -13.000 -30.000 
R0000002 > -456.000 -7.000 -28.000 0.000 -21.000 -14.000 -49.000 0.000 -41.000 0.000 0.000 -26.000 0.000 -4.000 -12.000 -22.000 -7.000 -28.000 -36.000 -48.000 -17.000 
R0000003 > -566.000 -35.000 0.000 -10.000 -20.000 -12.000 -50.000 -6.000 -25.000 -13.000 -33.000 -18.000 -17.000 -23.000 -2.000 -47.000 -21.000 0.000 -11.000 -30.000 -24.000 
R0000004 > -609.000 -6.000 0.000 -48.000 0.000 -41.000 0.000 -43.000 -1.000 -6.000 -27.000 0.000 -41.000 -37.000 0.000 -30.000 -2.000 -49.000 -18.000 -14.000 0.000 
R0000005 > -907.000 0.000 0.000 -41.000 -41.000 0.000 -3.000 0.000 0.000 0.000 0.000 -31.000 -41.000 -11.000 -50.000 -45.000 -27.000 0.000 0.000 -4.000 -20.000 
R0000006 > -706.000 -44.000 -11.000 -37.000 -45.000 -26.000 0.000 -8.000 -15.000 -2.000 -18.000 0.000 -6.000 -49.000 -27.000 -21.000 -22.000 0.000 0.000 -15.000 -28.000 
R0000007 > -113.000 -2.000 0.000 -3.000 -27.000 0.000 -30.000 -33.000 -19.000 -49.000 -36.000 -5.000 -2.000 0.000 0.000 -14.000 0.000 0.000 0.000 -50.000 0.000 
R0000008 > -510.000 0.000 -44.000 0.000 -21.000 -29.000 0.000 0.000 0.000 0.000 -50.000 0.000 0.000 0.000 -36.000 -3.000 0.000 0.000 0.000 0.000 -32.000 
R0000009 > -436.000 0.000 0.000 -28.000 0.000 -24.000 -14.000 -50.000 0.000 0.000 -3.000 0.000 -35.000 -36.000 -17.000 0.000 0.000 -20.000 0.000 -13.000 -21.000 
R0000010 > -737.000 -40.000 -16.000 -38.000 -40.000 -50.000 -47.000 -30.000 -27.000 -15.000 -28.000 0.000 0.000 -9.000 -9.000 -25.000 -4.000 -32.000 -50.000 0.000 -36.000 
R0000011 > -360.000 -17.000 -8.000 -14.000 -7.000 -8.000 -47.000 -8.000 -43.000 -10.000 0.000 0.000 -1.000 -32.000 -14.000 -19.000 -12.000 -40.000 -9.000 -25.000 -4.000 
R0000012 > -669.000 -37.000 -36.000 -12.000 0.000 -41.000 0.000 -31.000 -32.000 -2.000 0.000 -34.000 0.000 0.000 -30.000 -40.000 0.000 0.000 -35.000 -40.000 -20.000 
R0000013 > -788.000 -8.000 -19.000 -46.000 -17.000 -23.000 -11.000 -11.000 -19.000 -16.000 -13.000 -19.000 -45.000 -1.000 -19.000 -21.000 -12.000 -21.000 -39.000 -27.000 -2.000 
R0000014 > -672.000 -36.000 -37.000 -1.000 0.000 0.000 -19.000 -39.000 -18.000 -5.000 -26.000 0.000 -34.000 -3.000 -42.000 -27.000 0.000 0.000 0.000 -21.000 -28.000 
R0000015 > -769.000 -36.000 -16.000 -19.000 -16.000 -4.000 -47.000 -28.000 -19.000 -8.000 -45.000 0.000 -22.000 -8.000 -13.000 -33.000 -24.000 -22.000 -41.000 0.000 -22.000 
R0000016 > -684.000 0.000 0.000 -48.000 -13.000 -35.000 0.000 -47.000 0.000 -28.000 -31.000 -25.000 0.000 -31.000 -29.000 -2.000 -17.000 -41.000 -34.000 -31.000 -22.000 
R0000017 > -564.000 0.000 -46.000 0.000 0.000 -8.000 0.000 0.000 0.000 -27.000 -48.000 0.000 -31.000 -30.000 -15.000 -8.000 0.000 0.000 -23.000 0.000 -12.000 
R0000018 > -592.000 -32.000 0.000 -2.000 -23.000 -29.000 -27.000 -50.000 -42.000 -35.000 -5.000 -19.000 0.000 -22.000 -44.000 -42.000 -18.000 -12.000 -41.000 -13.000 -4.000 
R0000019 > -757.000 -3.000 -32.000 -32.000 -48.000 0.000 -26.000 0.000 -39.000 -24.000 -31.000 -11.000 -9.000 -23.000 -12.000 -33.000 -13.000 0.000 0.000 0.000 -39.000 
