15 0 -551.900 1060.728
5 20 -481.756 -0.000
C0000000 0.000 1500.000 -1.000 I
C0000001 0.000 1500.000 21.000 I
C0000002 0.000 1500.000 -39.000 I
C0000004 0.000 1500.000 -25.000 I
C0000005 0.000 1500.000 31.000 I
C0000007 0.000 1500.000 -24.000 I
C0000008 0.000 1500.000 36.000 I
C0000009 0.000 1500.000 14.000 I
C0000010 0.000 1500.000 -29.000 I
C0000012 0.000 1500.000 -30.000 I
C0000013 0.000 1500.000 37.000 I
C0000016 0.000 1500.000 -45.000 I
C0000017 0.000 1500.000 10.000 I
C0000018 0.000 1500.000 26.000 I
C0000019 0.000 1500.000 35.000 I
C0000003 0.000 1500.000 36.000 -30.000 C
C0000006 0.000 1500.000 4.000 -44.000 C
C0000011 0.000 1500.000 -3.000 -37.000 C
C0000014 0.000 1500.000 -33.000 2.000 C
C0000015 0.000 1500.000 13.000 8.000 C
R0000000 > -546.000 0.000 -29.000 0.000 0.000 0.000 -48.000 0.000 -21.000 -23.000 -32.000 0.000 -2.000 0.000 0.000 -44.000 0.000 -32.000 0.000 -34.000 -45.000 
R0000001 > -447.000 0.000 0.000 -7.000 -30.000 -34.000 -29.000 0.000 -19.000 0.000 -8.000 0.000 -33.000 0.000 0.000 0.000 -10.000 -27.000 -23.000 0.000 -35.000 
R0000002 > -579.000 -25.000 -1.000 0.000 -27.000 -13.000 -37.000 -39.000 -35.000 -24.000 -16.000 -39.000 -10.000 -13.000 -2.000 0.000 0.000 -50.000 -33.000 -7.000 -33.000 
R0000003 > -596.000 0.000 0.000 0.000 -25.000 0.000 0.000 -39.000 -13.000 -29.000 0.000 0.000 -16.000 0.000 -3.000 -49.000 -23.000 -21.000 0.000 0.000 -21.000 
R0000004 > -780.000 -47.000 -44.000 -9.000 -37.000 -23.000 -31.000 -42.000 -38.000 -17.000 -42.000 -3.000 -17.000 -43.000 -50.000 0.000 -13.000 -14.000 -39.000 0.000 -2.000 
R0000005 > -241.000 -22.000 0.000 0.000 -22.000 -5.000 0.000 0.000 -19.000 0.000 -6.000 -45.000 0.000 -45.000 -33.000 0.000 0.000 -3.000 0.000 -36.000 -23.000 
R0000006 > -839.000 -16.000 -38.000 0.000 -31.000 0.000 -27.000 -42.000 -11.000 -7.000 -48.000 0.000 -12.000 -7.000 -47.000 -3.000 -45.000 -29.000 -16.000 0.000 -29.000 
R0000007 > -600.000 -34.000 -14.000 -38.000 -33.000 -5.000 -32.000 0.000 -4.000 -7.000 0.000 -28.000 -10.000 -17.000 -17.000 -30.000 -41.000 0.000 0.000 -35.000 0.000 
R0000008 > -517.000 -2.000 -7.000 -2.000 0.000 0.000 -9.000 -42.000 -47.000 -17.000 0.000 -6.000 -29.000 0.000 -5.000 0.000 -5.000 0.000 -10.000 -38.000 -36.000 
R0000009 > -258.000 -50.000 0.000 0.000 -26.000 -4.000 0.000 0.000 -11.000 -33.000 -21.000 -30.000 -46.000 -2.000 0.000 -6.000 -9.000 0.000 -9.000 0.000 0.000 
R0000010 > -470.000 0.000 -37.000 -19.000 0.000 0.000 0.000 -37.000 0.000 -20.000 0.000 -7.000 0.000 0.000 0.000 0.000 0.000 0.000 -29.000 0.000 0.000 
R0000011 > -140.000 0.000 0.000 0.000 0.000 0.000 -17.000 0.000 0.000 0.000 0.000 -10.000 -42.000 0.000 -48.000 0.000 0.000 0.000 0.000 0.000 -28.000 
R0000012 > -354.000 -34.000 0.000 -27.000 0.000 0.000 0.000 0.000 0.000 -40.000 -44.000 -18.000 0.000 -41.000 -14.000 0.000 -22.000 -33.000 -39.000 -31.000 0.000 
R0000013 > -812.000 -38.000 -21.000 -24.000 -39.000 -19.000 -28.000 -36.000 -8.000 -50.000 -39.000 -44.000 -9.000 -10.000 -18.000 -15.000 0.000 -37.000 -23.000 -6.000 -31.000 
R0000014 > -465.000 -6.000 0.000 -46.000 -9.000 -36.000 -29.000 -31.000 -21.000 -30.000 -36.000 -11.000 -30.000 0.000 -42.000 0.000 0.000 0.000 -25.000 -40.000 0.000 
R0000015 > -952.000 -5.000 -44.000 -41.000 -29.000 0.000 0.000 -46.000 -9.000 -5.000 -35.000 0.000 0.000 -13.000 0.000 -10.000 -14.000 -19.000 0.000 -33.000 -42.000 
R0000016 > -606.000 -24.000 0.000 -42.000 0.000 0.000 -33.000 -48.000 0.000 -27.000 -39.000 -40.000 -27.000 -40.000 0.000 -40.000 0.000 -42.000 -15.000 0.000 -26.000 
R0000017 > -761.000 0.000 0.000 -27.000 -38.000 -3.000 -31.000 -37.000 -8.000 -18.000 -31.000 -17.000 -35.000 -26.000 0.000 -12.000 -48.000 -41.000 -46.000 -7.000 -6.000 
R0000018 > -624.000 -6.000 0.000 -45.000 0.000 0.000 -31.000 -23.000 -41.000 -44.000 -21.000 0.000 0.000 -22.000 -50.000 -37.000 -27.000 -33.000 -4.000 -25.000 -3.000 
R0000019 > -282.000 0.000 -10.000 -10.000 0.000 0.000 0.000 -31.000 -25.000 -17.000 -3.000 -25.000 -36.000 -35.000 0.000 0.000 0.000 -14.000 0.000 0.000 -3.000 
