15 0 -422.372 316.098
5 20 -136.015 -0.000
C0000000 0.000 1500.000 20.000 I
C0000001 0.000 1500.000 -3.000 I
C0000003 0.000 1500.000 -38.000 I
C0000004 0.000 1500.000 -43.000 I
C0000005 0.000 1500.000 -20.000 I
C0000006 0.000 1500.000 -38.000 I
C0000008 0.000 1500.000 -12.000 I
C0000011 0.000 1500.000 -38.000 I
C0000012 0.000 1500.000 -24.000 I
C0000013 0.000 1500.000 27.000 I
C0000014 0.000 1500.000 31.000 I
C0000015 0.000 1500.000 -46.000 I
C0000016 0.000 1500.000 26.000 I
C0000017 0.000 1500.000 19.000 I
C0000019 0.000 1500.000 -40.000 I
C0000002 0.000 1500.000 11.000 -11.000 C
C0000007 0.000 1500.000 -11.000 -3.000 C
C0000009 0.000 1500.000 24.000 31.000 C
C0000010 0.000 1500.000 -17.000 22.000 C
C0000018 0.000 1500.000 -38.000 35.000 C
R0000000 > -717.000 -28.000 -29.000 -5.000 0.000 0.000 0.000 0.000 0.000 0.000 -9.000 -27.000 0.000 0.000 -9.000 0.000 -38.000 -45.000 -32.000 0.000 -32.000 
R0000001 > -980.000 -31.000 -44.000 -35.000 0.000 -2.000 -23.000 -1.000 -16.000 -47.000 -33.000 -42.000 -3.000 -43.000 -42.000 -38.000 -28.000 -12.000 -26.000 -15.000 0.000 
R0000002 > -389.000 -9.000 0.000 -37.000 0.000 -37.000 0.000 -38.000 0.000 0.000 -34.000 0.000 0.000 -30.000 -1.000 -13.000 -36.000 0.000 0.000 -9.000 -21.000 
R0000003 > -1011.000 -8.000 -21.000 -32.000 -22.000 -11.000 -39.000 -5.000 -48.000 -6.000 -47.000 -44.000 -37.000 -44.000 -34.000 -10.000 -41.000 -47.000 -26.000 0.000 -26.000 
R0000004 > -633.000 -12.000 -7.000 -37.000 -16.000 -12.000 -2.000 -8.000 -5.000 -10.000 0.000 -31.000 -7.000 -10.000 0.000 -27.000 0.000 -30.000 -44.000 -5.000 -48.000 
R0000005 > -717.000 0.000 -18.000 0.000 -46.000 -17.000 -4.000 -31.000 -19.000 0.000 -43.000 -12.000 -19.000 -30.000 -14.000 -35.000 -32.000 -41.000 -1.000 -28.000 -5.000 
R0000006 > -540.000 -31.000 -1.000 0.000 0.000 -23.000 -16.000 -14.000 0.000 0.000 -42.000 -10.000 -5.000 -1.000 -44.000 0.000 -30.000 -35.000 -41.000 -46.000 -16.000 
R0000007 > -807.000 0.000 -48.000 -27.000 0.000 0.000 -27.000 -41.000 -28.000 -35.000 -39.000 -13.000 0.000 -41.000 0.000 -6.000 -6.000 -23.000 -23.000 0.000 -26.000 
R0000008 > -568.000 -45.000 -30.000 0.000 0.000 -27.000 -20.000 -9.000 -9.000 -14.000 -18.000 -2.000 0.000 -1.000 0.000 0.000 -29.000 -43.000 0.000 -41.000 -9.000 
R0000009 > -260.000 0.000 -22.000 0.000 -12.000 -25.000 -7.000 -42.000 -7.000 -18.000 -13.000 0.000 -3.000 0.000 0.000 -1.000 -6.000 0.000 0.000 -3.000 -18.000 
R0000010 > -842.000 -19.000 -5.000 -49.000 -45.000 -25.000 0.000 -16.000 -19.000 -25.000 -11.000 -21.000 -33.000 -9.000 0.000 -38.000 -8.000 -35.000 -27.000 -35.000 -15.000 
R0000011 > -411.000 -4.000 -2.000 -28.000 -3.000 -38.000 0.000 0.000 0.000 -6.000 0.000 0.000 0.000 -46.000 -45.000 -22.000 0.000 0.000 -29.000 -18.000 -49.000 
R0000012 > -413.000 -49.000 -38.000 0.000 0.000 0.000 0.000 0.000 -45.000 -1.000 -42.000 0.000 -23.000 -34.000 -24.000 -45.000 0.000 -11.000 -18.000 -7.000 -1.000 
R0000013 > -325.000 0.000 -4.000 -44.000 0.000 -50.000 -4.000 -32.000 -50.000 -15.000 0.000 -34.000 -19.000 -22.000 0.000 -19.000 -5.000 0.000 0.000 -10.000 -11.000 
R0000014 > -702.000 -34.000 -1.000 -26.000 -20.000 -4.000 -48.000 -18.000 -7.000 -29.000 -18.000 -13.000 -43.000 -27.000 -46.000 -20.000 -25.000 0.000 -43.000 -13.000 -4.000 
R0000015 > -868.000 -29.000 -40.000 -7.000 -36.000 -31.000 0.000 -2.000 -19.000 0.000 0.000 -3.000 -10.000 -24.000 -23.000 -29.000 -40.000 -45.000 0.000 -46.000 -14.000 
R0000016 > -751.000 -42.000 -6.000 -40.000 -3.000 0.000 -4.000 -31.000 -50.000 -47.000 -7.000 -44.000 0.000 -49.000 -33.000 0.000 0.000 -46.000 0.000 -38.000 0.000 
R0000017 > -965.000 -50.000 -42.000 -49.000 -18.000 -33.000 -17.000 0.000 -38.000 -2.000 -25.000 -14.000 -20.000 -22.000 -49.000 -43.000 -20.000 -22.000 -44.000 -21.000 0.000 
R0000018 > -654.000 -3.000 -33.000 -22.000 -25.000 0.000 -25.000 -46.000 -33.000 -6.000 0.000 -4.000 -13.000 -23.000 -46.000 -49.000 -9.000 0.000 -35.000 0.000 -15.000 
R0000019 > -769.000 -37.000 -4.000 -19.000 -36.000 -46.000 -16.000 -28.000 -18.000 -9.000 0.000 -7.000 -8.000 -19.000 -5.000 -37.000 -50.000 -40.000 0.000 -13.000 -40.000 
