15 0 -998.333 609.588
5 20 -141.278 -0.000
C0000000 0.000 1500.000 10.000 I
C0000001 0.000 1500.000 33.000 I
C0000003 0.000 1500.000 -33.000 I
C0000004 0.000 1500.000 -3.000 I
C0000005 0.000 1500.000 23.000 I
C0000006 0.000 1500.000 -21.000 I
C0000007 0.000 1500.000 13.000 I
C0000010 0.000 1500.000 28.000 I
C0000011 0.000 1500.000 14.000 I
C0000012 0.000 1500.000 6.000 I
C0000013 0.000 1500.000 -30.000 I
C0000014 0.000 1500.000 -5.000 I
C0000015 0.000 1500.000 34.000 I
C0000018 0.000 1500.000 -47.000 I
C0000019 0.000 1500.000 -10.000 I
C0000002 0.000 1500.000 -6.000 43.000 C
C0000008 0.000 1500.000 -17.000 -27.000 C
C0000009 0.000 1500.000 22.000 -12.000 C
C0000016 0.000 1500.000 -44.000 15.000 C
C0000017 0.000 1500.000 48.000 30.000 C
R0000000 > -472.000 0.000 -28.000 -19.000 0.000 -12.000 -23.000 0.000 -19.000 -33.000 -24.000 -13.000 -22.000 -31.000 0.000 -8.000 -2.000 -48.000 0.000 0.000 0.000 
R0000001 > -584.000 -7.000 -4.000 -49.000 -18.000 -40.000 -13.000 -43.000 -28.000 -8.000 0.000 -28.000 -44.000 -2.000 -19.000 -6.000 -1.000 0.000 -18.000 -18.000 -31.000 
R0000002 > -421.000 -3.000 0.000 0.000 -12.000 0.000 -48.000 0.000 -31.000 -4.000 -22.000 -9.000 0.000 0.000 0.000 -12.000 -3.000 0.000 -21.000 -6.000 0.000 
R0000003 > -689.000 -29.000 -17.000 -8.000 -23.000 -40.000 -44.000 -10.000 -32.000 -48.000 -7.000 -1.000 -37.000 -43.000 -13.000 -37.000 0.000 -33.000 -37.000 -16.000 -18.000 
R0000004 > -939.000 -25.000 -23.000 -45.000 -39.000 -11.000 -33.000 -2.000 -38.000 -1.000 -36.000 -34.000 -6.000 -20.000 -27.000 -15.000 -5.000 -25.000 -29.000 -16.000 -14.000 
R0000005 > -591.000 -24.000 0.000 -44.000 0.000 -36.000 -36.000 0.000 -19.000 -42.000 0.000 0.000 0.000 -12.000 0.000 -47.000 0.000 0.000 -46.000 0.000 0.000 
R0000006 > -568.000 -19.000 -24.000 -1.000 0.000 0.000 0.000 -24.000 -34.000 -40.000 0.000 -10.000 -41.000 -38.000 -38.000 -11.000 -16.000 -33.000 -17.000 -30.000 0.000 
R0000007 > -524.000 -42.000 0.000 0.000 0.000 -9.000 -29.000 -12.000 -23.000 -12.000 0.000 0.000 0.000 -7.000 0.000 0.000 -11.000 -33.000 -47.000 -14.000 0.000 
R0000008 > -565.000 -1.000 -43.000 -42.000 -14.000 -25.000 0.000 -38.000 0.000 -37.000 -38.000 0.000 0.000 0.000 -1.000 0.000 0.000 0.000 0.000 0.000 -46.000 
R0000009 > -204.000 0.000 -37.000 0.000 -29.000 0.000 0.000 0.000 -38.000 0.000 0.000 0.000 -20.000 -13.000 0.000 -4.000 -7.000 -33.000 -17.000 0.000 -39.000 
R0000010 > -453.000 -4.000 -23.000 0.000 0.000 -48.000 -37.000 0.000 -6.000 0.000 -2.000 -25.000 -11.000 0.000 -10.000 -5.000 0.000 -40.000 -36.000 0.000 -41.000 
R0000011 > -881.000 -32.000 0.000 0.000 -24.000 0.000 0.000 0.000 -49.000 -50.000 -50.000 -39.000 -9.000 -5.000 0.000 -27.000 -46.000 0.000 -39.000 -30.000 -43.000 
R0000012 > -1019.000 -11.000 0.000 -32.000 0.000 -32.000 -29.000 -41.000 -38.000 -33.000 -49.000 -26.000 -46.000 -29.000 -23.000 0.000 -43.000 -16.000 -34.000 -8.000 -37.000 
R0000013 > -497.000 0.000 -11.000 -44.000 0.000 -4.000 -12.000 -27.000 -5.000 0.000 0.000 0.000 -37.000 0.000 -30.000 -15.000 -31.000 0.000 -21.000 0.000 -4.000 
R0000014 > -989.000 -17.000 -11.000 -27.000 -33.000 -50.000 -32.000 -32.000 -25.000 -48.000 -28.000 -41.000 -21.000 -10.000 -4.000 -24.000 -37.000 -40.000 -39.000 -24.000 -34.000 
R0000015 > -192.000 0.000 0.000 0.000 -33.000 -45.000 0.000 0.000 0.000 -50.000 0.000 0.000 -26.000 0.000 0.000 -23.000 -20.000 -45.000 -16.000 -5.000 0.000 
R0000016 > -350.000 0.000 -31.000 -32.000 -12.000 -26.000 -27.000 0.000 -3.000 0.000 0.000 0.000 0.000 0.000 0.000 -47.000 0.000 -28.000 -25.000 -34.000 -48.000 
R0000017 > -617.000 -12.000 -20.000 -40.000 -49.000 0.000 -36.000 0.000 0.000 0.000 -34.000 0.000 0.000 -39.000 0.000 -18.000 -11.000 -43.000 -32.000 0.000 -17.000 
R0000018 > -547.000 -16.000 -25.000 0.000 -16.000 -2.000 0.000 0.000 0.000 0.000 -49.000 -37.000 0.000 0.000 -16.000 0.000 0.000 -17.000 0.000 -6.000 0.000 
R0000019 > -984.000 -50.000 -10.000 -9.000 -34.000 -44.000 -28.000 -2.000 -36.000 -26.000 -33.000 -32.000 -30.000 -18.000 -23.000 -42.000 -46.000 -45.000 -3.000 0.000 -39.000 
