15 0 -485.975 300.474
5 20 -224.000 -0.000
C0000001 0.000 1500.000 -12.000 I
C0000002 0.000 1500.000 -33.000 I
C0000003 0.000 1500.000 -17.000 I
C0000004 0.000 1500.000 -10.000 I
C0000006 0.000 1500.000 46.000 I
C0000008 0.000 1500.000 18.000 I
C0000009 0.000 1500.000 -19.000 I
C0000010 0.000 1500.000 45.000 I
C0000011 0.000 1500.000 -8.000 I
C0000012 0.000 1500.000 28.000 I
C0000013 0.000 1500.000 -14.000 I
C0000015 0.000 1500.000 -1.000 I
C0000016 0.000 1500.000 -36.000 I
C0000017 0.000 1500.000 49.000 I
C0000019 0.000 1500.000 10.000 I
C0000000 0.000 1500.000 -31.000 -28.000 C
C0000005 0.000 1500.000 -21.000 -3.000 C
C0000007 0.000 1500.000 -33.000 42.000 C
C0000014 0.000 1500.000 33.000 -2.000 C
C0000018 0.000 1500.000 7.000 27.000 C
R0000000 > -949.000 -1.000 0.000 0.000 -28.000 -38.000 -13.000 -44.000 -12.000 -44.000 -27.000 -17.000 -9.000 -41.000 -11.000 -16.000 -37.000 -22.000 -40.000 -4.000 -37.000 
R0000001 > -450.000 -49.000 0.000 0.000 0.000 0.000 0.000 0.000 -45.000 0.000 -40.000 0.000 0.000 0.000 0.000 -6.000 -13.000 -17.000 0.000 -44.000 -5.000 
R0000002 > -692.000 -3.000 -50.000 0.000 -40.000 -47.000 -13.000 -45.000 0.000 -12.000 -3.000 -38.000 -41.000 -3.000 0.000 -23.000 0.000 0.000 0.000 -32.000 0.000 
R0000003 > -459.000 0.000 0.000 0.000 -32.000 0.000 -40.000 0.000 -35.000 -14.000 0.000 0.000 -43.000 0.000 0.000 -9.000 0.000 0.000 0.000 0.000 -25.000 
R0000004 > -547.000 -47.000 -13.000 0.000 -26.000 -2.000 0.000 -11.000 -43.000 0.000 0.000 0.000 0.000 -45.000 -36.000 -41.000 0.000 -29.000 0.000 0.000 -1.000 
R0000005 > -758.000 -32.000 -30.000 -32.000 -16.000 -18.000 -38.000 -45.000 -12.000 -2.000 -37.000 -43.000 -4.000 -14.000 -25.000 -8.000 -15.000 -16.000 -19.000 -10.000 -18.000 
R0000006 > -400.000 -33.000 -44.000 -40.000 -33.000 -24.000 0.000 0.000 0.000 -13.000 0.000 -12.000 0.000 -33.000 -17.000 0.000 -50.000 -7.000 -2.000 -36.000 -49.000 
R0000007 > -900.000 -22.000 -48.000 -35.000 -11.000 -30.000 -39.000 -39.000 -40.000 -5.000 -3.000 -1.000 0.000 -35.000 -49.000 -5.000 -20.000 -4.000 -37.000 -45.000 -7.000 
R0000008 > -1098.000 -11.000 -28.000 -23.000 -31.000 -31.000 -3.000 -18.000 -8.000 -50.000 -18.000 -4.000 -43.000 -4.000 -24.000 -29.000 -19.000 -18.000 -43.000 -42.000 -6.000 
R0000009 > -346.000 -25.000 0.000 -5.000 -10.000 0.000 -34.000 0.000 -5.000 0.000 -15.000 0.000 -24.000 0.000 0.000 -42.000 0.000 0.000 0.000 -38.000 -46.000 
R0000010 > -759.000 0.000 -45.000 -47.000 -36.000 0.000 0.000 -38.000 -9.000 -47.000 -1.000 -14.000 -28.000 -23.000 -43.000 0.000 0.000 0.000 -15.000 -4.000 -33.000 
R0000011 > -430.000 0.000 -38.000 0.000 -21.000 0.000 -30.000 -7.000 -2.000 0.000 -27.000 0.000 -30.000 0.000 -10.000 0.000 0.000 0.000 -37.000 -22.000 0.000 
R0000012 > -996.000 -11.000 -16.000 -5.000 -43.000 -11.000 -6.000 -50.000 -21.000 -2.000 -32.000 -5.000 -40.000 -35.000 -12.000 -41.000 -40.000 -42.000 -18.000 -10.000 -50.000 
R0000013 > -537.000 0.000 -40.000 -22.000 -48.000 0.000 -10.000 -31.000 0.000 -27.000 0.000 0.000 -41.000 -8.000 -10.000 0.000 -18.000 -22.000 0.000 -7.000 -28.000 
R0000014 > -952.000 -24.000 -20.000 -11.000 -16.000 -17.000 -23.000 -46.000 -20.000 -48.000 -11.000 -37.000 -42.000 -42.000 -23.000 0.000 0.000 -24.000 -27.000 -17.000 -37.000 
R0000015 > -630.000 -2.000 -31.000 -47.000 -23.000 0.000 0.000 0.000 0.000 -27.000 -40.000 -10.000 -1.000 -33.000 0.000 0.000 -39.000 -36.000 -44.000 -18.000 0.000 
R0000016 > -532.000 -32.000 -13.000 0.000 -5.000 -45.000 -6.000 0.000 0.000 0.000 -34.000 -12.000 -5.000 -33.000 -24.000 0.000 0.000 -34.000 -2.000 -24.000 -50.000 
R0000017 > -548.000 -33.000 0.000 -46.000 0.000 0.000 0.000 0.000 0.000 -17.000 -7.000 -46.000 -41.000 -20.000 -21.000 0.000 0.000 0.000 -21.000 -22.000 -27.000 
R0000018 > -623.000 -35.000 -31.000 -17.000 -23.000 -32.000 -50.000 -12.000 -24.000 0.000 -25.000 -15.000 0.000 -5.000 -5.000 0.000 -47.000 -38.000 -6.000 -19.000 -30.000 
R0000019 > -1356.000 0.000 -49.000 -19.000 -10.000 -50.000 -18.000 0.000 -32.000 -43.000 -48.000 -3.000 -50.000 0.000 -49.000 0.000 0.000 -45.000 -27.000 0.000 0.000 
