5 0 -197.205 150.261
10 20 -81.659 -0.000
C0000006 0.000 1500.000 6.000 I
C0000009 0.000 1500.000 -47.000 I
C0000010 0.000 1500.000 26.000 I
C0000012 0.000 1500.000 27.000 I
C0000013 0.000 1500.000 27.000 I
C0000000 0.000 1500.000 8.000 40.000 C
C0000001 0.000 1500.000 -44.000 0.000 C
C0000002 0.000 1500.000 14.000 0.000 C
C0000003 0.000 1500.000 -15.000 0.000 C
C0000004 0.000 1500.000 19.000 0.000 C
C0000005 0.000 1500.000 -3.000 0.000 C
C0000007 0.000 1500.000 14.000 0.000 C
C0000008 0.000 1500.000 -26.000 0.000 C
C0000011 0.000 1500.000 31.000 -36.000 C
C0000014 0.000 1500.000 26.000 17.000 C
R0000000 > -187.000 0.000 -43.000 -48.000 -10.000 -36.000 -10.000 -1.000 0.000 0.000 0.000 -27.000 0.000 0.000 0.000 -47.000 
R0000001 > -93.000 0.000 0.000 0.000 -11.000 -4.000 0.000 0.000 0.000 0.000 -41.000 -28.000 0.000 0.000 -41.000 -19.000 
R0000002 > -209.000 -2.000 0.000 -2.000 -25.000 -39.000 0.000 0.000 0.000 0.000 0.000 -44.000 0.000 0.000 0.000 -42.000 
R0000003 > -293.000 -47.000 0.000 0.000 -12.000 -29.000 -4.000 -16.000 -36.000 -5.000 -41.000 -25.000 -49.000 -35.000 -41.000 -22.000 
R0000004 > -134.000 -4.000 -50.000 -45.000 0.000 -25.000 -39.000 0.000 -13.000 0.000 0.000 -40.000 0.000 0.000 -45.000 -42.000 
R0000005 > -196.000 0.000 0.000 0.000 0.000 -14.000 -1.000 0.000 -15.000 -7.000 -26.000 0.000 0.000 -45.000 -44.000 -8.000 
R0000006 > -329.000 0.000 -5.000 -43.000 -38.000 0.000 0.000 0.000 -25.000 0.000 -32.000 0.000 0.000 -11.000 0.000 -45.000 
R0000007 > -182.000 -11.000 -35.000 -28.000 0.000 -17.000 -5.000 -10.000 -28.000 -7.000 -16.000 0.000 -33.000 -26.000 -15.000 -5.000 
R0000008 > -172.000 -34.000 -30.000 -47.000 -3.000 -41.000 -8.000 -25.000 -30.000 0.000 -21.000 -47.000 -25.000 -25.000 0.000 -1.000 
R0000009 > -272.000 -16.000 -37.000 0.000 -12.000 -42.000 -2.000 -16.000 -5.000 0.000 -50.000 0.000 -41.000 -15.000 -40.000 -37.000 
R0000010 > -173.000 -49.000 -44.000 -32.000 -7.000 0.000 0.000 -44.000 0.000 -11.000 -16.000 -8.000 0.000 -21.000 -18.000 -5.000 
R0000011 > -340.000 -14.000 -23.000 -13.000 -49.000 -20.000 -19.000 -43.000 -23.000 -6.000 -23.000 0.000 0.000 -4.000 -50.000 -28.000 
R0000012 > -225.000 0.000 0.000 -25.000 0.000 -9.000 0.000 -45.000 -39.000 -2.000 -4.000 -5.000 -21.000 -44.000 0.000 -14.000 
R0000013 > -290.000 0.000 -31.000 -11.000 -27.000 0.000 -3.000 -34.000 -22.000 -21.000 -24.000 -9.000 -24.000 -6.000 -40.000 -38.000 
R0000014 > -244.000 -41.000 -28.000 0.000 0.000 -42.000 -42.000 -17.000 0.000 -34.000 0.000 -13.000 -8.000 -44.000 0.000 -16.000 
R0000015 > -117.000 0.000 -9.000 -16.000 0.000 -44.000 -31.000 -28.000 -24.000 0.000 0.000 0.000 0.000 -27.000 -44.000 0.000 
R0000016 > -250.000 -11.000 -7.000 0.000 -28.000 -14.000 -25.000 0.000 0.000 0.000 -20.000 -31.000 -33.000 0.000 0.000 -35.000 
R0000017 > -380.000 -29.000 -42.000 -26.000 -24.000 -18.000 -12.000 -6.000 -22.000 -50.000 -48.000 -8.000 -40.000 -23.000 -42.000 -43.000 
R0000018 > -324.000 -34.000 -26.000 -38.000 -21.000 -40.000 -38.000 -39.000 0.000 -21.000 -25.000 -34.000 -13.000 -23.000 -36.000 -44.000 
R0000019 > -362.000 -15.000 -8.000 0.000 -26.000 -44.000 -40.000 0.000 0.000 -48.000 -49.000 0.000 -18.000 -38.000 -40.000 -27.000 
