10 4 -370.235 222.667
10 4 -456.000 -0.000
x0 0.000 10.000 -15.000 I
x1 0.000 10.000 27.000 I
x2 0.000 10.000 10.000 I
x3 0.000 10.000 38.000 I
x4 0.000 10.000 23.000 I
x5 0.000 10.000 24.000 I
x6 0.000 10.000 17.000 I
x7 0.000 10.000 35.000 I
x8 0.000 10.000 15.000 I
x9 0.000 10.000 38.000 I
y0 0.000 inf -39.000 0.000 C
y1 0.000 inf 41.000 0.000 C
y2 0.000 inf -43.000 0.000 C
y3 0.000 inf 10.000 0.000 C
y4 0.000 inf 46.000 0.000 C
y5 0.000 inf 16.000 0.000 C
y6 0.000 inf -24.000 -22.000 C
y7 0.000 inf -30.000 -38.000 C
y8 0.000 inf -5.000 -8.000 C
y9 0.000 inf -19.000 43.000 C
l0 < 40.000 3.000 8.000 0.000 10.000 5.000 1.000 1.000 4.000 10.000 2.000 
l1 < 48.000 2.000 10.000 8.000 0.000 9.000 2.000 6.000 10.000 8.000 3.000 
l2 < 40.000 4.000 0.000 10.000 7.000 9.000 2.000 10.000 10.000 3.000 7.000 
l3 < 79.000 2.000 5.000 0.000 8.000 6.000 0.000 3.000 7.000 7.000 5.000 
f0 < 55.000 2.000 6.000 3.000 6.000 5.000 5.000 10.000 3.000 7.000 9.000 6.000 8.000 10.000 10.000 3.000 6.000 4.000 3.000 1.000 5.000 
f1 < 107.000 9.000 8.000 2.000 1.000 4.000 9.000 10.000 10.000 9.000 3.000 3.000 4.000 3.000 0.000 2.000 7.000 2.000 8.000 6.000 5.000 
f2 < 14.000 1.000 3.000 5.000 4.000 10.000 1.000 7.000 1.000 4.000 6.000 6.000 5.000 9.000 3.000 7.000 0.000 7.000 1.000 4.000 9.000 
f3 < 108.000 0.000 1.000 9.000 0.000 8.000 4.000 6.000 8.000 8.000 10.000 3.000 7.000 8.000 7.000 6.000 3.000 9.000 9.000 8.000 3.000 
