10 4 -594.818 625.000
10 4 -451.000 -0.000
x0 0.000 10.000 -18.000 I
x1 0.000 10.000 0.000 I
x2 0.000 10.000 31.000 I
x3 0.000 10.000 1.000 I
x4 0.000 10.000 36.000 I
x5 0.000 10.000 45.000 I
x6 0.000 10.000 -35.000 I
x7 0.000 10.000 -6.000 I
x8 0.000 10.000 -43.000 I
x9 0.000 10.000 -20.000 I
y0 0.000 inf -8.000 -30.000 C
y1 0.000 inf -32.000 27.000 C
y2 0.000 inf -38.000 0.000 C
y3 0.000 inf -49.000 -40.000 C
y4 0.000 inf 50.000 -8.000 C
y5 0.000 inf -37.000 -35.000 C
y6 0.000 inf -11.000 -24.000 C
y7 0.000 inf -49.000 -9.000 C
y8 0.000 inf -3.000 26.000 C
y9 0.000 inf 2.000 -17.000 C
l0 < 115.000 5.000 8.000 1.000 5.000 7.000 3.000 2.000 3.000 6.000 5.000 
l1 < 114.000 3.000 4.000 3.000 9.000 10.000 7.000 2.000 8.000 4.000 4.000 
l2 < 55.000 1.000 0.000 4.000 5.000 2.000 7.000 7.000 7.000 10.000 5.000 
l3 < 91.000 6.000 2.000 5.000 10.000 7.000 0.000 9.000 0.000 0.000 8.000 
f0 < 61.000 6.000 3.000 5.000 5.000 2.000 4.000 6.000 2.000 5.000 4.000 3.000 0.000 7.000 7.000 3.000 9.000 8.000 4.000 3.000 8.000 
f1 < 99.000 5.000 1.000 7.000 7.000 1.000 4.000 8.000 1.000 5.000 7.000 1.000 8.000 3.000 7.000 4.000 4.000 4.000 2.000 7.000 1.000 
f2 < 69.000 9.000 10.000 5.000 5.000 1.000 4.000 10.000 7.000 9.000 8.000 6.000 2.000 8.000 4.000 2.000 9.000 8.000 8.000 4.000 9.000 
f3 < 25.000 2.000 7.000 7.000 10.000 0.000 8.000 10.000 1.000 5.000 5.000 2.000 4.000 4.000 0.000 2.000 4.000 8.000 10.000 9.000 10.000 
