10 4 -121.818 146.179
10 4 -259.516 -0.000
x0 0.000 10.000 -23.000 I
x1 0.000 10.000 16.000 I
x2 0.000 10.000 -8.000 I
x3 0.000 10.000 40.000 I
x4 0.000 10.000 -41.000 I
x5 0.000 10.000 -38.000 I
x6 0.000 10.000 -32.000 I
x7 0.000 10.000 24.000 I
x8 0.000 10.000 -10.000 I
x9 0.000 10.000 48.000 I
y0 0.000 inf 8.000 -14.000 C
y1 0.000 inf 19.000 47.000 C
y2 0.000 inf 34.000 44.000 C
y3 0.000 inf 32.000 18.000 C
y4 0.000 inf 8.000 -3.000 C
y5 0.000 inf 41.000 -16.000 C
y6 0.000 inf -10.000 9.000 C
y7 0.000 inf 3.000 -32.000 C
y8 0.000 inf -20.000 -22.000 C
y9 0.000 inf -20.000 -47.000 C
l0 < 111.000 6.000 5.000 2.000 3.000 9.000 2.000 6.000 3.000 0.000 10.000 
l1 < 88.000 6.000 2.000 1.000 10.000 10.000 4.000 7.000 3.000 2.000 8.000 
l2 < 48.000 2.000 9.000 2.000 4.000 4.000 6.000 2.000 4.000 8.000 5.000 
l3 < 54.000 3.000 2.000 4.000 2.000 1.000 2.000 1.000 5.000 0.000 6.000 
f0 < 29.000 9.000 10.000 0.000 5.000 7.000 10.000 4.000 1.000 0.000 7.000 0.000 4.000 10.000 2.000 4.000 7.000 1.000 0.000 2.000 1.000 
f1 < 53.000 0.000 7.000 7.000 1.000 1.000 7.000 9.000 4.000 4.000 6.000 10.000 2.000 10.000 4.000 10.000 5.000 1.000 6.000 4.000 9.000 
f2 < 58.000 5.000 5.000 0.000 8.000 7.000 8.000 0.000 9.000 5.000 3.000 1.000 5.000 0.000 6.000 3.000 7.000 10.000 9.000 5.000 7.000 
f3 < 22.000 1.000 5.000 0.000 8.000 5.000 4.000 1.000 8.000 4.000 4.000 1.000 3.000 8.000 10.000 7.000 7.000 1.000 7.000 10.000 4.000 
