10 4 -278.875 256.353
10 4 -407.000 -60.000
x0 0.000 10.000 32.000 I
x1 0.000 10.000 -23.000 I
x2 0.000 10.000 13.000 I
x3 0.000 10.000 -34.000 I
x4 0.000 10.000 -24.000 I
x5 0.000 10.000 -7.000 I
x6 0.000 10.000 33.000 I
x7 0.000 10.000 -46.000 I
x8 0.000 10.000 24.000 I
x9 0.000 10.000 -43.000 I
y0 0.000 inf 28.000 -13.000 C
y1 0.000 inf 13.000 48.000 C
y2 0.000 inf 42.000 -41.000 C
y3 0.000 inf -14.000 -30.000 C
y4 0.000 inf 32.000 -25.000 C
y5 0.000 inf 46.000 -32.000 C
y6 0.000 inf -23.000 12.000 C
y7 0.000 inf 15.000 -12.000 C
y8 0.000 inf -16.000 -8.000 C
y9 0.000 inf 12.000 -3.000 C
l0 < 46.000 8.000 5.000 1.000 10.000 4.000 2.000 8.000 7.000 0.000 1.000 
l1 < 106.000 1.000 1.000 8.000 4.000 7.000 2.000 4.000 4.000 3.000 1.000 
l2 < 117.000 3.000 4.000 3.000 7.000 1.000 8.000 3.000 4.000 8.000 1.000 
l3 < 65.000 2.000 1.000 6.000 8.000 10.000 5.000 0.000 6.000 7.000 0.000 
f0 < 106.000 7.000 6.000 4.000 4.000 3.000 10.000 8.000 7.000 9.000 9.000 10.000 8.000 3.000 1.000 7.000 8.000 8.000 7.000 4.000 8.000 
f1 < 54.000 3.000 3.000 3.000 4.000 3.000 5.000 8.000 5.000 1.000 5.000 5.000 8.000 6.000 2.000 10.000 6.000 2.000 7.000 8.000 9.000 
f2 < 16.000 5.000 3.000 6.000 1.000 7.000 2.000 8.000 2.000 1.000 7.000 7.000 1.000 4.000 0.000 1.000 4.000 0.000 7.000 3.000 5.000 
f3 < 97.000 9.000 4.000 8.000 0.000 10.000 8.000 1.000 1.000 7.000 1.000 0.000 5.000 4.000 10.000 10.000 2.000 8.000 4.000 8.000 6.000 
