10 4 -123.139 174.222
10 4 -142.955 -0.000
x0 0.000 10.000 15.000 I
x1 0.000 10.000 -28.000 I
x2 0.000 10.000 6.000 I
x3 0.000 10.000 6.000 I
x4 0.000 10.000 46.000 I
x5 0.000 10.000 45.000 I
x6 0.000 10.000 41.000 I
x7 0.000 10.000 -9.000 I
x8 0.000 10.000 26.000 I
x9 0.000 10.000 -34.000 I
y0 0.000 inf -36.000 -42.000 C
y1 0.000 inf -47.000 34.000 C
y2 0.000 inf 1.000 -22.000 C
y3 0.000 inf 28.000 -8.000 C
y4 0.000 inf 28.000 7.000 C
y5 0.000 inf -4.000 -39.000 C
y6 0.000 inf -26.000 11.000 C
y7 0.000 inf 15.000 32.000 C
y8 0.000 inf 4.000 -13.000 C
y9 0.000 inf -14.000 -13.000 C
l0 < 49.000 2.000 7.000 4.000 5.000 5.000 3.000 1.000 7.000 10.000 9.000 
l1 < 130.000 9.000 2.000 10.000 0.000 9.000 4.000 2.000 3.000 7.000 6.000 
l2 < 111.000 10.000 6.000 0.000 7.000 9.000 8.000 5.000 3.000 2.000 10.000 
l3 < 72.000 7.000 8.000 3.000 6.000 8.000 1.000 10.000 9.000 0.000 0.000 
f0 < 17.000 8.000 0.000 4.000 8.000 5.000 7.000 2.000 8.000 10.000 6.000 4.000 8.000 4.000 2.000 5.000 4.000 9.000 9.000 9.000 10.000 
f1 < 28.000 5.000 6.000 8.000 6.000 10.000 4.000 4.000 10.000 1.000 5.000 5.000 1.000 7.000 2.000 4.000 9.000 8.000 4.000 7.000 5.000 
f2 < 19.000 8.000 10.000 0.000 2.000 9.000 10.000 7.000 10.000 0.000 9.000 7.000 5.000 1.000 3.000 1.000 6.000 5.000 3.000 4.000 5.000 
f3 < 56.000 3.000 2.000 10.000 5.000 10.000 5.000 6.000 5.000 3.000 5.000 0.000 2.000 3.000 9.000 10.000 4.000 8.000 6.000 8.000 3.000 
