60 24 -175.951 235.000
60 24 -196.840 -0.000
x0 0.000 10.000 49.000 I
x1 0.000 10.000 -8.000 I
x2 0.000 10.000 44.000 I
x3 0.000 10.000 21.000 I
x4 0.000 10.000 1.000 I
x5 0.000 10.000 33.000 I
x6 0.000 10.000 0.000 I
x7 0.000 10.000 -12.000 I
x8 0.000 10.000 -23.000 I
x9 0.000 10.000 -49.000 I
x10 0.000 10.000 10.000 I
x11 0.000 10.000 -39.000 I
x12 0.000 10.000 31.000 I
x13 0.000 10.000 -17.000 I
x14 0.000 10.000 1.000 I
x15 0.000 10.000 3.000 I
x16 0.000 10.000 12.000 I
x17 0.000 10.000 36.000 I
x18 0.000 10.000 -32.000 I
x19 0.000 10.000 39.000 I
x20 0.000 10.000 -32.000 I
x21 0.000 10.000 -32.000 I
x22 0.000 10.000 23.000 I
x23 0.000 10.000 41.000 I
x24 0.000 10.000 -6.000 I
x25 0.000 10.000 -33.000 I
x26 0.000 10.000 -18.000 I
x27 0.000 10.000 25.000 I
x28 0.000 10.000 23.000 I
x29 0.000 10.000 23.000 I
x30 0.000 10.000 -23.000 I
x31 0.000 10.000 -25.000 I
x32 0.000 10.000 15.000 I
x33 0.000 10.000 -46.000 I
x34 0.000 10.000 -46.000 I
x35 0.000 10.000 -10.000 I
x36 0.000 10.000 -22.000 I
x37 0.000 10.000 -40.000 I
x38 0.000 10.000 39.000 I
x39 0.000 10.000 7.000 I
x40 0.000 10.000 -35.000 I
x41 0.000 10.000 -13.000 I
x42 0.000 10.000 -32.000 I
x43 0.000 10.000 43.000 I
x44 0.000 10.000 -48.000 I
x45 0.000 10.000 -22.000 I
x46 0.000 10.000 -47.000 I
x47 0.000 10.000 15.000 I
x48 0.000 10.000 -10.000 I
x49 0.000 10.000 2.000 I
x50 0.000 10.000 -33.000 I
x51 0.000 10.000 43.000 I
x52 0.000 10.000 4.000 I
x53 0.000 10.000 29.000 I
x54 0.000 10.000 -20.000 I
x55 0.000 10.000 -23.000 I
x56 0.000 10.000 42.000 I
x57 0.000 10.000 10.000 I
x58 0.000 10.000 -43.000 I
x59 0.000 10.000 6.000 I
y0 0.000 inf 27.000 0.000 C
y1 0.000 inf 27.000 15.000 C
y2 0.000 inf 23.000 -37.000 C
y3 0.000 inf -31.000 44.000 C
y4 0.000 inf 6.000 30.000 C
y5 0.000 inf -41.000 -41.000 C
y6 0.000 inf 6.000 31.000 C
y7 0.000 inf 9.000 0.000 C
y8 0.000 inf -9.000 -28.000 C
y9 0.000 inf 6.000 -22.000 C
y10 0.000 inf 43.000 0.000 C
y11 0.000 inf 5.000 0.000 C
y12 0.000 inf -41.000 0.000 C
y13 0.000 inf 0.000 0.000 C
y14 0.000 inf 34.000 2.000 C
y15 0.000 inf 31.000 -43.000 C
y16 0.000 inf -3.000 0.000 C
y17 0.000 inf -42.000 41.000 C
y18 0.000 inf 47.000 -1.000 C
y19 0.000 inf 34.000 20.000 C
y20 0.000 inf 35.000 0.000 C
y21 0.000 inf 1.000 0.000 C
y22 0.000 inf 12.000 25.000 C
y23 0.000 inf -27.000 0.000 C
y24 0.000 inf 36.000 31.000 C
y25 0.000 inf -17.000 -50.000 C
y26 0.000 inf -8.000 0.000 C
y27 0.000 inf -32.000 0.000 C
y28 0.000 inf -11.000 -4.000 C
y29 0.000 inf -23.000 0.000 C
y30 0.000 inf -25.000 29.000 C
y31 0.000 inf -12.000 0.000 C
y32 0.000 inf 25.000 -14.000 C
y33 0.000 inf 36.000 0.000 C
y34 0.000 inf 1.000 0.000 C
y35 0.000 inf 12.000 38.000 C
y36 0.000 inf 46.000 -19.000 C
y37 0.000 inf 47.000 0.000 C
y38 0.000 inf -13.000 14.000 C
y39 0.000 inf 19.000 31.000 C
y40 0.000 inf 32.000 -8.000 C
y41 0.000 inf -27.000 0.000 C
y42 0.000 inf -11.000 0.000 C
y43 0.000 inf -22.000 0.000 C
y44 0.000 inf -10.000 23.000 C
y45 0.000 inf -23.000 50.000 C
y46 0.000 inf -41.000 19.000 C
y47 0.000 inf 38.000 -16.000 C
y48 0.000 inf -26.000 0.000 C
y49 0.000 inf 42.000 0.000 C
y50 0.000 inf -18.000 0.000 C
y51 0.000 inf -41.000 -47.000 C
y52 0.000 inf 35.000 0.000 C
y53 0.000 inf -44.000 -10.000 C
y54 0.000 inf -45.000 0.000 C
y55 0.000 inf 6.000 10.000 C
y56 0.000 inf 26.000 -29.000 C
y57 0.000 inf 43.000 0.000 C
y58 0.000 inf -36.000 0.000 C
y59 0.000 inf -10.000 49.000 C
l0 < 48.000 5.000 8.000 6.000 1.000 9.000 4.000 3.000 4.000 2.000 8.000 10.000 6.000 7.000 5.000 0.000 3.000 6.000 2.000 9.000 1.000 2.000 2.000 10.000 2.000 7.000 6.000 3.000 6.000 5.000 0.000 3.000 5.000 6.000 1.000 0.000 5.000 3.000 3.000 10.000 6.000 6.000 9.000 3.000 2.000 2.000 0.000 5.000 2.000 7.000 3.000 2.000 9.000 2.000 2.000 6.000 5.000 10.000 3.000 4.000 3.000 
l1 < 74.000 3.000 1.000 4.000 9.000 4.000 10.000 10.000 3.000 0.000 2.000 10.000 9.000 0.000 2.000 9.000 0.000 10.000 0.000 0.000 5.000 7.000 4.000 7.000 3.000 3.000 0.000 3.000 9.000 10.000 3.000 1.000 3.000 7.000 3.000 10.000 2.000 0.000 4.000 4.000 4.000 7.000 10.000 4.000 10.000 2.000 8.000 7.000 10.000 8.000 6.000 0.000 4.000 5.000 3.000 3.000 6.000 7.000 7.000 4.000 7.000 
l2 < 66.000 9.000 6.000 3.000 4.000 9.000 2.000 8.000 3.000 5.000 1.000 7.000 7.000 5.000 3.000 10.000 7.000 9.000 2.000 2.000 6.000 4.000 9.000 4.000 7.000 2.000 7.000 5.000 7.000 2.000 4.000 1.000 0.000 6.000 10.000 4.000 6.000 2.000 7.000 3.000 6.000 0.000 5.000 8.000 7.000 6.000 8.000 3.000 2.000 6.000 8.000 1.000 8.000 5.000 3.000 1.000 8.000 2.000 8.000 2.000 4.000 
l3 < 51.000 9.000 8.000 4.000 2.000 3.000 0.000 9.000 0.000 0.000 1.000 9.000 5.000 8.000 9.000 3.000 9.000 10.000 10.000 7.000 1.000 2.000 10.000 3.000 1.000 3.000 3.000 7.000 8.000 6.000 7.000 0.000 7.000 4.000 10.000 2.000 5.000 5.000 9.000 7.000 6.000 6.000 2.000 1.000 8.000 5.000 1.000 9.000 9.000 10.000 1.000 2.000 7.000 9.000 10.000 8.000 7.000 5.000 3.000 5.000 9.000 
l4 < 83.000 10.000 9.000 9.000 6.000 5.000 0.000 1.000 8.000 6.000 2.000 4.000 10.000 0.000 10.000 2.000 4.000 6.000 8.000 0.000 0.000 6.000 6.000 10.000 0.000 10.000 1.000 10.000 0.000 0.000 10.000 4.000 3.000 4.000 9.000 3.000 7.000 2.000 8.000 6.000 8.000 10.000 2.000 4.000 9.000 3.000 7.000 9.000 1.000 1.000 6.000 3.000 7.000 2.000 5.000 7.000 2.000 5.000 6.000 7.000 2.000 
l5 < 114.000 4.000 4.000 4.000 6.000 8.000 2.000 2.000 0.000 4.000 2.000 1.000 3.000 7.000 5.000 10.000 8.000 4.000 0.000 9.000 0.000 1.000 5.000 8.000 3.000 7.000 0.000 3.000 6.000 9.000 10.000 10.000 8.000 9.000 9.000 10.000 2.000 6.000 1.000 9.000 6.000 0.000 7.000 10.000 5.000 9.000 0.000 3.000 5.000 10.000 10.000 6.000 2.000 1.000 7.000 5.000 3.000 5.000 1.000 4.000 9.000 
l6 < 77.000 5.000 8.000 9.000 10.000 4.000 7.000 6.000 3.000 9.000 2.000 8.000 0.000 4.000 9.000 9.000 10.000 4.000 5.000 1.000 0.000 3.000 9.000 3.000 10.000 8.000 8.000 2.000 1.000 1.000 6.000 9.000 1.000 7.000 3.000 10.000 10.000 8.000 1.000 10.000 3.000 2.000 1.000 2.000 3.000 0.000 0.000 8.000 10.000 5.000 4.000 8.000 1.000 2.000 1.000 7.000 5.000 10.000 2.000 4.000 9.000 
l7 < 93.000 8.000 0.000 8.000 0.000 2.000 1.000 0.000 4.000 6.000 4.000 7.000 0.000 4.000 8.000 8.000 4.000 0.000 2.000 4.000 4.000 0.000 3.000 4.000 9.000 10.000 9.000 1.000 7.000 6.000 9.000 6.000 0.000 1.000 9.000 0.000 7.000 4.000 1.000 10.000 5.000 10.000 1.000 8.000 5.000 4.000 8.000 0.000 1.000 3.000 2.000 5.000 3.000 2.000 4.000 4.000 10.000 6.000 0.000 2.000 2.000 
l8 < 49.000 4.000 0.000 9.000 7.000 2.000 7.000 2.000 7.000 0.000 3.000 10.000 8.000 6.000 1.000 5.000 10.000 3.000 5.000 3.000 4.000 4.000 7.000 6.000 8.000 4.000 0.000 3.000 3.000 8.000 3.000 4.000 8.000 4.000 2.000 10.000 10.000 8.000 2.000 9.000 4.000 2.000 7.000 3.000 0.000 9.000 8.000 9.000 8.000 9.000 10.000 7.000 1.000 0.000 1.000 1.000 7.000 1.000 1.000 9.000 8.000 
l9 < 130.000 10.000 8.000 9.000 9.000 6.000 4.000 7.000 2.000 7.000 9.000 8.000 10.000 10.000 0.000 6.000 4.000 8.000 6.000 6.000 9.000 9.000 3.000 8.000 7.000 3.000 2.000 0.000 7.000 10.000 4.000 0.000 4.000 9.000 8.000 6.000 4.000 7.000 0.000 0.000 3.000 3.000 4.000 5.000 2.000 9.000 10.000 5.000 7.000 0.000 1.000 3.000 4.000 7.000 4.000 10.000 7.000 10.000 8.000 10.000 7.000 
l10 < 30.000 4.000 6.000 3.000 2.000 4.000 3.000 2.000 8.000 1.000 6.000 10.000 8.000 1.000 8.000 6.000 2.000 7.000 0.000 10.000 2.000 6.000 1.000 4.000 6.000 9.000 0.000 3.000 9.000 7.000 2.000 8.000 5.000 3.000 6.000 8.000 8.000 10.000 1.000 0.000 10.000 7.000 2.000 7.000 5.000 2.000 10.000 1.000 8.000 2.000 10.000 3.000 10.000 5.000 6.000 0.000 10.000 6.000 0.000 3.000 8.000 
l11 < 92.000 0.000 9.000 0.000 9.000 4.000 10.000 7.000 8.000 10.000 9.000 1.000 3.000 2.000 5.000 4.000 2.000 4.000 9.000 1.000 9.000 4.000 5.000 6.000 2.000 4.000 3.000 1.000 0.000 2.000 10.000 7.000 2.000 4.000 0.000 10.000 4.000 0.000 10.000 3.000 3.000 2.000 3.000 7.000 4.000 2.000 8.000 6.000 1.000 5.000 7.000 4.000 2.000 7.000 9.000 6.000 10.000 8.000 1.000 10.000 8.000 
l12 < 113.000 1.000 2.000 2.000 9.000 10.000 0.000 1.000 3.000 0.000 8.000 7.000 7.000 9.000 2.000 9.000 8.000 10.000 5.000 9.000 4.000 7.000 0.000 10.000 7.000 8.000 4.000 6.000 4.000 0.000 0.000 0.000 4.000 3.000 6.000 0.000 8.000 7.000 1.000 1.000 5.000 5.000 5.000 4.000 8.000 10.000 10.000 1.000 4.000 9.000 5.000 3.000 3.000 5.000 9.000 10.000 4.000 6.000 4.000 9.000 10.000 
l13 < 71.000 3.000 9.000 1.000 7.000 8.000 2.000 4.000 2.000 7.000 7.000 3.000 1.000 0.000 7.000 1.000 10.000 10.000 2.000 5.000 0.000 6.000 6.000 9.000 2.000 7.000 7.000 9.000 3.000 4.000 7.000 8.000 9.000 1.000 8.000 10.000 0.000 5.000 5.000 4.000 2.000 5.000 1.000 0.000 9.000 7.000 1.000 10.000 7.000 7.000 3.000 4.000 7.000 3.000 1.000 1.000 8.000 7.000 0.000 9.000 8.000 
l14 < 120.000 0.000 0.000 7.000 7.000 2.000 4.000 1.000 7.000 8.000 9.000 6.000 10.000 0.000 7.000 1.000 9.000 5.000 10.000 6.000 8.000 3.000 10.000 4.000 9.000 9.000 4.000 9.000 8.000 10.000 4.000 8.000 9.000 7.000 10.000 2.000 10.000 10.000 7.000 8.000 5.000 4.000 0.000 4.000 6.000 3.000 7.000 7.000 4.000 9.000 1.000 4.000 1.000 5.000 6.000 5.000 4.000 9.000 1.000 7.000 9.000 
l15 < 81.000 9.000 6.000 10.000 5.000 10.000 7.000 5.000 4.000 7.000 1.000 5.000 8.000 6.000 9.000 5.000 4.000 4.000 9.000 0.000 1.000 1.000 2.000 3.000 0.000 4.000 9.000 5.000 8.000 3.000 7.000 0.000 2.000 7.000 0.000 2.000 0.000 7.000 5.000 9.000 1.000 5.000 0.000 9.000 6.000 1.000 4.000 1.000 2.000 4.000 1.000 2.000 9.000 10.000 4.000 4.000 7.000 2.000 10.000 9.000 3.000 
l16 < 127.000 9.000 0.000 7.000 1.000 0.000 8.000 2.000 10.000 4.000 1.000 6.000 1.000 0.000 3.000 6.000 10.000 8.000 6.000 5.000 0.000 10.000 0.000 9.000 3.000 10.000 2.000 8.000 7.000 2.000 1.000 5.000 7.000 10.000 2.000 1.000 1.000 5.000 6.000 3.000 5.000 2.000 5.000 10.000 6.000 7.000 5.000 2.000 9.000 1.000 8.000 10.000 8.000 8.000 3.000 10.000 1.000 2.000 5.000 0.000 8.000 
l17 < 91.000 0.000 2.000 4.000 6.000 0.000 0.000 1.000 7.000 9.000 5.000 10.000 4.000 1.000 3.000 1.000 5.000 1.000 4.000 8.000 6.000 5.000 4.000 5.000 9.000 3.000 1.000 4.000 4.000 1.000 0.000 10.000 2.000 8.000 8.000 5.000 5.000 3.000 8.000 9.000 7.000 1.000 10.000 6.000 6.000 6.000 10.000 5.000 7.000 0.000 3.000 9.000 8.000 5.000 8.000 5.000 7.000 6.000 10.000 6.000 10.000 
l18 < 97.000 2.000 2.000 2.000 4.000 2.000 8.000 4.000 1.000 5.000 3.000 4.000 10.000 4.000 3.000 1.000 7.000 9.000 10.000 5.000 8.000 10.000 4.000 5.000 1.000 0.000 2.000 0.000 2.000 9.000 6.000 4.000 4.000 3.000 7.000 2.000 8.000 4.000 10.000 7.000 3.000 10.000 10.000 9.000 5.000 1.000 9.000 3.000 7.000 5.000 4.000 10.000 9.000 9.000 10.000 7.000 3.000 1.000 10.000 10.000 2.000 
l19 < 123.000 0.000 2.000 3.000 4.000 3.000 3.000 6.000 8.000 6.000 7.000 0.000 2.000 5.000 0.000 0.000 5.000 8.000 9.000 10.000 7.000 5.000 10.000 1.000 8.000 3.000 6.000 2.000 1.000 4.000 9.000 7.000 1.000 6.000 6.000 9.000 3.000 4.000 4.000 4.000 6.000 1.000 3.000 3.000 3.000 1.000 2.000 7.000 0.000 5.000 4.000 9.000 9.000 10.000 3.000 4.000 2.000 7.000 1.000 2.000 4.000 
l20 < 75.000 6.000 6.000 7.000 6.000 4.000 4.000 3.000 7.000 1.000 2.000 8.000 3.000 2.000 3.000 4.000 4.000 6.000 0.000 5.000 3.000 10.000 7.000 1.000 5.000 9.000 6.000 2.000 2.000 6.000 6.000 2.000 3.000 1.000 1.000 1.000 3.000 1.000 7.000 9.000 9.000 3.000 5.000 9.000 8.000 7.000 0.000 1.000 7.000 8.000 9.000 2.000 0.000 5.000 5.000 3.000 2.000 8.000 0.000 1.000 10.000 
l21 < 93.000 4.000 7.000 5.000 9.000 9.000 0.000 8.000 1.000 9.000 2.000 4.000 0.000 4.000 9.000 5.000 6.000 3.000 0.000 0.000 5.000 8.000 8.000 3.000 3.000 9.000 5.000 6.000 6.000 0.000 8.000 5.000 10.000 0.000 10.000 8.000 1.000 5.000 0.000 10.000 9.000 8.000 3.000 9.000 8.000 0.000 2.000 8.000 0.000 8.000 6.000 6.000 6.000 3.000 8.000 10.000 10.000 1.000 0.000 2.000 6.000 
l22 < 51.000 0.000 10.000 9.000 1.000 10.000 3.000 3.000 2.000 4.000 6.000 5.000 1.000 10.000 1.000 0.000 7.000 6.000 2.000 1.000 1.000 5.000 1.000 10.000 6.000 3.000 7.000 0.000 6.000 5.000 0.000 0.000 4.000 4.000 10.000 6.000 9.000 8.000 9.000 4.000 8.000 1.000 5.000 6.000 3.000 2.000 7.000 3.000 8.000 8.000 1.000 5.000 8.000 3.000 7.000 7.000 8.000 4.000 10.000 3.000 0.000 
l23 < 86.000 8.000 7.000 3.000 10.000 0.000 1.000 0.000 10.000 10.000 6.000 3.000 0.000 3.000 6.000 2.000 2.000 6.000 3.000 5.000 5.000 0.000 5.000 0.000 2.000 10.000 8.000 4.000 10.000 9.000 6.000 0.000 10.000 9.000 3.000 0.000 3.000 5.000 9.000 5.000 2.000 5.000 0.000 4.000 2.000 10.000 4.000 1.000 10.000 8.000 0.000 8.000 0.000 2.000 2.000 9.000 7.000 2.000 3.000 6.000 10.000 
f0 < 77.000 1.000 5.000 4.000 4.000 0.000 2.000 4.000 2.000 0.000 2.000 10.000 0.000 0.000 3.000 3.000 10.000 5.000 8.000 3.000 1.000 5.000 8.000 0.000 5.000 9.000 3.000 2.000 4.000 2.000 1.000 5.000 10.000 8.000 1.000 8.000 10.000 3.000 5.000 1.000 6.000 1.000 7.000 1.000 5.000 7.000 2.000 9.000 9.000 10.000 9.000 4.000 8.000 7.000 9.000 9.000 1.000 7.000 5.000 7.000 5.000 0.000 3.000 3.000 7.000 5.000 10.000 9.000 1.000 0.000 5.000 3.000 7.000 10.000 0.000 4.000 6.000 10.000 8.000 7.000 2.000 7.000 6.000 3.000 7.000 8.000 10.000 8.000 7.000 6.000 9.000 9.000 1.000 1.000 10.000 2.000 1.000 4.000 5.000 4.000 10.000 0.000 4.000 10.000 3.000 8.000 8.000 0.000 3.000 7.000 4.000 1.000 8.000 3.000 4.000 7.000 5.000 6.000 6.000 6.000 7.000 
f1 < 19.000 3.000 6.000 4.000 0.000 5.000 7.000 2.000 3.000 10.000 5.000 3.000 6.000 7.000 7.000 9.000 8.000 9.000 5.000 7.000 4.000 6.000 3.000 7.000 7.000 1.000 10.000 1.000 0.000 1.000 4.000 0.000 0.000 4.000 2.000 10.000 6.000 6.000 7.000 10.000 0.000 8.000 9.000 9.000 8.000 8.000 0.000 3.000 1.000 8.000 10.000 1.000 7.000 7.000 10.000 10.000 0.000 8.000 8.000 0.000 7.000 10.000 10.000 0.000 9.000 6.000 4.000 6.000 8.000 4.000 9.000 9.000 7.000 5.000 6.000 2.000 1.000 10.000 2.000 7.000 3.000 6.000 10.000 2.000 10.000 6.000 2.000 1.000 6.000 2.000 8.000 7.000 0.000 9.000 7.000 9.000 9.000 8.000 1.000 0.000 5.000 0.000 2.000 9.000 4.000 6.000 3.000 2.000 5.000 8.000 1.000 3.000 7.000 4.000 4.000 6.000 8.000 4.000 6.000 5.000 6.000 
f2 < 109.000 5.000 3.000 9.000 3.000 3.000 3.000 4.000 1.000 5.000 3.000 2.000 0.000 0.000 6.000 1.000 0.000 0.000 10.000 5.000 6.000 1.000 7.000 2.000 0.000 5.000 5.000 10.000 0.000 7.000 2.000 9.000 0.000 5.000 1.000 10.000 4.000 1.000 7.000 7.000 5.000 3.000 4.000 2.000 6.000 9.000 4.000 2.000 6.000 6.000 1.000 0.000 7.000 8.000 9.000 3.000 8.000 1.000 7.000 2.000 9.000 8.000 5.000 4.000 6.000 8.000 1.000 9.000 0.000 10.000 9.000 5.000 0.000 7.000 1.000 7.000 1.000 5.000 7.000 5.000 8.000 4.000 2.000 6.000 10.000 6.000 6.000 1.000 8.000 10.000 2.000 2.000 8.000 9.000 7.000 1.000 9.000 8.000 3.000 7.000 5.000 2.000 8.000 8.000 5.000 3.000 10.000 4.000 2.000 6.000 9.000 8.000 0.000 2.000 9.000 2.000 9.000 9.000 7.000 5.000 5.000 
f3 < 85.000 1.000 4.000 2.000 9.000 4.000 7.000 6.000 3.000 2.000 6.000 5.000 8.000 8.000 1.000 0.000 3.000 5.000 1.000 3.000 10.000 9.000 3.000 7.000 2.000 5.000 6.000 2.000 3.000 0.000 3.000 3.000 8.000 7.000 7.000 9.000 0.000 5.000 7.000 5.000 3.000 9.000 6.000 9.000 5.000 2.000 7.000 5.000 9.000 10.000 6.000 9.000 10.000 4.000 1.000 5.000 1.000 10.000 7.000 7.000 9.000 2.000 10.000 9.000 2.000 4.000 2.000 0.000 6.000 8.000 5.000 3.000 3.000 0.000 8.000 1.000 4.000 4.000 7.000 0.000 10.000 6.000 0.000 5.000 8.000 8.000 8.000 1.000 3.000 0.000 7.000 10.000 2.000 9.000 4.000 10.000 9.000 7.000 9.000 6.000 0.000 6.000 9.000 9.000 3.000 7.000 10.000 4.000 1.000 5.000 9.000 1.000 10.000 2.000 0.000 10.000 9.000 8.000 1.000 3.000 2.000 
f4 < 31.000 3.000 1.000 9.000 10.000 5.000 6.000 2.000 6.000 6.000 3.000 9.000 0.000 6.000 3.000 2.000 1.000 3.000 4.000 10.000 6.000 4.000 6.000 9.000 3.000 6.000 1.000 4.000 2.000 0.000 3.000 2.000 5.000 10.000 3.000 2.000 2.000 0.000 4.000 1.000 2.000 8.000 7.000 2.000 4.000 8.000 7.000 2.000 8.000 1.000 4.000 1.000 2.000 0.000 1.000 4.000 3.000 3.000 7.000 4.000 2.000 5.000 1.000 10.000 9.000 3.000 9.000 6.000 8.000 6.000 5.000 10.000 5.000 5.000 10.000 1.000 0.000 0.000 1.000 8.000 7.000 0.000 7.000 3.000 1.000 2.000 2.000 4.000 7.000 6.000 0.000 10.000 3.000 6.000 9.000 4.000 6.000 3.000 7.000 7.000 3.000 8.000 7.000 3.000 5.000 9.000 3.000 2.000 3.000 2.000 5.000 3.000 8.000 10.000 10.000 0.000 6.000 0.000 2.000 1.000 7.000 
f5 < 72.000 2.000 9.000 5.000 4.000 4.000 1.000 9.000 5.000 9.000 6.000 6.000 10.000 1.000 6.000 5.000 7.000 3.000 6.000 6.000 0.000 10.000 5.000 8.000 1.000 0.000 5.000 5.000 8.000 4.000 6.000 3.000 4.000 1.000 1.000 8.000 7.000 4.000 3.000 8.000 8.000 5.000 8.000 7.000 6.000 8.000 5.000 10.000 8.000 9.000 10.000 9.000 9.000 10.000 8.000 10.000 3.000 3.000 5.000 5.000 10.000 0.000 3.000 8.000 4.000 7.000 0.000 3.000 7.000 8.000 2.000 8.000 3.000 5.000 9.000 9.000 5.000 7.000 9.000 8.000 9.000 4.000 1.000 4.000 5.000 2.000 9.000 3.000 4.000 7.000 10.000 9.000 8.000 4.000 6.000 2.000 4.000 3.000 4.000 8.000 10.000 9.000 1.000 7.000 0.000 4.000 2.000 9.000 2.000 1.000 2.000 8.000 3.000 9.000 5.000 7.000 0.000 0.000 7.000 2.000 6.000 
f6 < 43.000 6.000 7.000 1.000 9.000 2.000 7.000 8.000 9.000 4.000 8.000 2.000 4.000 8.000 9.000 3.000 4.000 8.000 7.000 7.000 3.000 9.000 2.000 9.000 5.000 0.000 8.000 3.000 5.000 3.000 7.000 10.000 1.000 5.000 2.000 5.000 4.000 7.000 6.000 10.000 9.000 10.000 6.000 2.000 5.000 10.000 1.000 3.000 9.000 8.000 8.000 5.000 10.000 5.000 4.000 10.000 1.000 7.000 3.000 3.000 2.000 9.000 4.000 2.000 9.000 4.000 0.000 8.000 7.000 5.000 10.000 3.000 0.000 3.000 2.000 6.000 10.000 2.000 5.000 9.000 9.000 3.000 7.000 5.000 1.000 3.000 9.000 5.000 0.000 10.000 1.000 4.000 6.000 1.000 3.000 6.000 6.000 0.000 10.000 7.000 7.000 0.000 1.000 5.000 1.000 9.000 4.000 0.000 9.000 9.000 10.000 3.000 0.000 9.000 3.000 1.000 10.000 9.000 4.000 5.000 9.000 
f7 < 73.000 6.000 2.000 2.000 5.000 0.000 8.000 3.000 1.000 10.000 9.000 2.000 10.000 4.000 8.000 1.000 3.000 9.000 10.000 9.000 0.000 6.000 4.000 2.000 10.000 1.000 6.000 7.000 0.000 3.000 10.000 7.000 7.000 5.000 9.000 1.000 1.000 0.000 9.000 9.000 0.000 5.000 7.000 0.000 6.000 1.000 7.000 1.000 4.000 7.000 10.000 3.000 7.000 9.000 9.000 8.000 10.000 10.000 1.000 6.000 2.000 8.000 9.000 0.000 6.000 4.000 2.000 2.000 7.000 6.000 1.000 9.000 3.000 9.000 10.000 7.000 9.000 4.000 7.000 4.000 6.000 8.000 0.000 8.000 4.000 8.000 2.000 10.000 10.000 10.000 1.000 7.000 8.000 5.000 9.000 4.000 5.000 9.000 5.000 3.000 3.000 9.000 1.000 8.000 1.000 10.000 8.000 7.000 7.000 4.000 2.000 7.000 5.000 10.000 5.000 4.000 9.000 6.000 6.000 7.000 1.000 
f8 < 62.000 6.000 6.000 5.000 9.000 0.000 9.000 8.000 1.000 5.000 7.000 6.000 8.000 7.000 4.000 6.000 8.000 7.000 9.000 7.000 5.000 1.000 7.000 9.000 0.000 6.000 1.000 5.000 4.000 2.000 4.000 3.000 2.000 4.000 8.000 4.000 5.000 7.000 10.000 9.000 6.000 2.000 8.000 4.000 9.000 7.000 6.000 4.000 9.000 7.000 2.000 1.000 4.000 9.000 6.000 3.000 2.000 9.000 5.000 5.000 5.000 1.000 1.000 6.000 0.000 6.000 4.000 0.000 1.000 10.000 1.000 3.000 1.000 0.000 1.000 0.000 10.000 9.000 3.000 3.000 2.000 9.000 0.000 1.000 0.000 4.000 8.000 2.000 1.000 1.000 7.000 9.000 5.000 4.000 8.000 8.000 7.000 0.000 1.000 7.000 4.000 10.000 2.000 6.000 5.000 10.000 1.000 2.000 3.000 4.000 7.000 7.000 6.000 10.000 7.000 3.000 1.000 7.000 2.000 0.000 9.000 
f9 < 89.000 0.000 7.000 8.000 2.000 3.000 0.000 5.000 4.000 9.000 2.000 8.000 0.000 8.000 5.000 3.000 0.000 1.000 0.000 5.000 10.000 2.000 9.000 0.000 3.000 6.000 5.000 6.000 2.000 4.000 9.000 3.000 5.000 5.000 2.000 0.000 6.000 9.000 6.000 1.000 1.000 2.000 4.000 3.000 7.000 7.000 1.000 5.000 6.000 6.000 0.000 7.000 7.000 9.000 2.000 3.000 4.000 5.000 6.000 3.000 1.000 9.000 2.000 8.000 5.000 0.000 7.000 3.000 3.000 8.000 3.000 10.000 1.000 5.000 0.000 3.000 2.000 6.000 2.000 3.000 4.000 10.000 9.000 2.000 10.000 1.000 3.000 6.000 8.000 0.000 3.000 4.000 4.000 6.000 10.000 0.000 4.000 7.000 7.000 8.000 4.000 5.000 4.000 4.000 10.000 9.000 8.000 1.000 7.000 5.000 5.000 7.000 5.000 0.000 2.000 0.000 7.000 6.000 8.000 10.000 10.000 
f10 < 60.000 2.000 0.000 4.000 5.000 7.000 1.000 7.000 7.000 8.000 2.000 0.000 5.000 9.000 8.000 3.000 2.000 10.000 7.000 2.000 10.000 0.000 7.000 5.000 8.000 8.000 10.000 2.000 8.000 0.000 2.000 4.000 0.000 10.000 4.000 10.000 8.000 4.000 5.000 3.000 10.000 0.000 0.000 6.000 0.000 1.000 2.000 0.000 2.000 1.000 2.000 10.000 2.000 4.000 9.000 8.000 0.000 4.000 9.000 9.000 2.000 0.000 1.000 0.000 9.000 7.000 2.000 1.000 6.000 5.000 9.000 10.000 4.000 0.000 7.000 3.000 6.000 6.000 9.000 7.000 5.000 3.000 8.000 0.000 6.000 4.000 1.000 2.000 8.000 1.000 7.000 7.000 3.000 2.000 10.000 0.000 2.000 6.000 8.000 3.000 5.000 0.000 3.000 0.000 3.000 2.000 2.000 6.000 4.000 6.000 9.000 7.000 2.000 9.000 6.000 2.000 0.000 2.000 6.000 4.000 4.000 
f11 < 26.000 5.000 5.000 0.000 2.000 3.000 5.000 3.000 9.000 7.000 4.000 8.000 9.000 7.000 2.000 5.000 3.000 6.000 5.000 7.000 1.000 1.000 1.000 6.000 9.000 10.000 0.000 4.000 9.000 10.000 4.000 9.000 10.000 0.000 2.000 10.000 5.000 9.000 5.000 9.000 5.000 3.000 1.000 2.000 9.000 3.000 7.000 6.000 4.000 6.000 8.000 3.000 10.000 4.000 6.000 8.000 7.000 10.000 7.000 3.000 2.000 0.000 6.000 8.000 2.000 5.000 7.000 5.000 3.000 6.000 3.000 5.000 8.000 7.000 1.000 1.000 0.000 3.000 6.000 4.000 0.000 9.000 1.000 7.000 10.000 10.000 8.000 3.000 3.000 1.000 1.000 9.000 0.000 7.000 6.000 9.000 7.000 4.000 9.000 9.000 1.000 9.000 7.000 5.000 10.000 0.000 1.000 10.000 5.000 4.000 0.000 3.000 8.000 9.000 6.000 9.000 9.000 7.000 2.000 4.000 2.000 
f12 < 61.000 0.000 2.000 10.000 9.000 8.000 2.000 8.000 0.000 10.000 8.000 4.000 7.000 9.000 1.000 5.000 8.000 5.000 3.000 9.000 3.000 9.000 6.000 10.000 8.000 2.000 4.000 1.000 9.000 0.000 6.000 3.000 10.000 0.000 6.000 7.000 10.000 8.000 1.000 5.000 5.000 9.000 5.000 8.000 2.000 4.000 3.000 6.000 7.000 3.000 10.000 2.000 2.000 6.000 2.000 3.000 1.000 3.000 7.000 10.000 3.000 7.000 1.000 4.000 7.000 8.000 6.000 2.000 8.000 1.000 6.000 5.000 9.000 5.000 2.000 5.000 8.000 3.000 2.000 0.000 3.000 1.000 2.000 8.000 10.000 6.000 9.000 7.000 0.000 6.000 6.000 7.000 7.000 10.000 0.000 1.000 0.000 5.000 5.000 0.000 4.000 1.000 8.000 5.000 3.000 1.000 10.000 8.000 1.000 8.000 4.000 8.000 8.000 0.000 1.000 7.000 6.000 9.000 0.000 8.000 5.000 
f13 < 93.000 5.000 5.000 5.000 5.000 8.000 9.000 8.000 3.000 7.000 8.000 7.000 0.000 10.000 2.000 0.000 4.000 4.000 7.000 5.000 10.000 1.000 8.000 6.000 0.000 5.000 8.000 6.000 2.000 5.000 10.000 4.000 5.000 10.000 7.000 2.000 9.000 4.000 1.000 10.000 7.000 3.000 9.000 2.000 6.000 6.000 3.000 3.000 0.000 7.000 2.000 6.000 6.000 7.000 9.000 3.000 4.000 3.000 2.000 4.000 1.000 10.000 7.000 0.000 7.000 3.000 0.000 6.000 1.000 9.000 2.000 10.000 9.000 4.000 7.000 4.000 0.000 2.000 6.000 5.000 8.000 4.000 0.000 1.000 5.000 8.000 9.000 0.000 0.000 6.000 1.000 6.000 0.000 7.000 2.000 10.000 4.000 7.000 0.000 9.000 10.000 8.000 3.000 5.000 2.000 7.000 9.000 1.000 7.000 4.000 4.000 8.000 7.000 2.000 10.000 5.000 3.000 4.000 10.000 2.000 4.000 
f14 < 53.000 0.000 10.000 9.000 3.000 0.000 4.000 7.000 10.000 2.000 6.000 7.000 10.000 8.000 10.000 1.000 3.000 0.000 5.000 10.000 8.000 9.000 8.000 5.000 0.000 10.000 1.000 3.000 4.000 5.000 0.000 8.000 6.000 10.000 0.000 7.000 5.000 6.000 6.000 3.000 9.000 7.000 5.000 0.000 6.000 2.000 4.000 4.000 3.000 3.000 9.000 5.000 0.000 3.000 2.000 4.000 9.000 4.000 3.000 5.000 1.000 6.000 9.000 6.000 3.000 1.000 1.000 0.000 4.000 1.000 10.000 4.000 1.000 8.000 3.000 2.000 8.000 7.000 1.000 3.000 5.000 7.000 9.000 3.000 0.000 3.000 4.000 10.000 3.000 8.000 2.000 10.000 4.000 9.000 3.000 6.000 8.000 2.000 1.000 10.000 0.000 3.000 8.000 5.000 1.000 3.000 1.000 1.000 5.000 2.000 0.000 7.000 9.000 10.000 2.000 5.000 1.000 3.000 7.000 8.000 1.000 
f15 < 25.000 2.000 9.000 9.000 2.000 0.000 3.000 2.000 8.000 7.000 1.000 7.000 0.000 6.000 5.000 1.000 4.000 3.000 7.000 0.000 6.000 9.000 2.000 1.000 10.000 4.000 7.000 1.000 0.000 0.000 0.000 7.000 9.000 8.000 4.000 0.000 5.000 7.000 6.000 3.000 9.000 1.000 9.000 0.000 9.000 1.000 9.000 5.000 6.000 3.000 10.000 4.000 8.000 1.000 6.000 6.000 1.000 4.000 1.000 5.000 2.000 9.000 7.000 1.000 0.000 6.000 6.000 1.000 8.000 2.000 6.000 10.000 9.000 1.000 5.000 2.000 3.000 2.000 0.000 3.000 2.000 1.000 0.000 3.000 7.000 1.000 2.000 9.000 7.000 1.000 6.000 9.000 9.000 10.000 2.000 2.000 3.000 4.000 6.000 4.000 4.000 7.000 2.000 4.000 6.000 2.000 8.000 3.000 4.000 7.000 10.000 2.000 3.000 5.000 9.000 6.000 0.000 1.000 7.000 3.000 10.000 
f16 < 78.000 6.000 9.000 7.000 1.000 8.000 6.000 1.000 0.000 2.000 2.000 10.000 10.000 10.000 7.000 8.000 3.000 4.000 8.000 5.000 9.000 9.000 3.000 3.000 5.000 3.000 4.000 2.000 8.000 2.000 9.000 0.000 9.000 0.000 2.000 10.000 7.000 2.000 7.000 8.000 6.000 3.000 0.000 10.000 6.000 10.000 3.000 6.000 1.000 2.000 2.000 0.000 3.000 0.000 2.000 7.000 8.000 5.000 8.000 6.000 3.000 3.000 7.000 3.000 5.000 2.000 5.000 3.000 9.000 6.000 1.000 1.000 6.000 1.000 5.000 2.000 1.000 6.000 2.000 0.000 3.000 0.000 2.000 2.000 0.000 0.000 5.000 8.000 9.000 8.000 0.000 1.000 0.000 10.000 7.000 7.000 6.000 8.000 6.000 2.000 0.000 9.000 6.000 7.000 6.000 1.000 2.000 0.000 8.000 10.000 10.000 3.000 5.000 4.000 2.000 3.000 10.000 7.000 6.000 0.000 4.000 
f17 < 37.000 1.000 9.000 5.000 6.000 7.000 3.000 5.000 0.000 5.000 9.000 5.000 7.000 2.000 7.000 2.000 5.000 8.000 7.000 10.000 7.000 0.000 8.000 8.000 0.000 2.000 9.000 9.000 4.000 4.000 7.000 0.000 0.000 4.000 10.000 7.000 7.000 4.000 0.000 6.000 0.000 4.000 9.000 0.000 0.000 3.000 8.000 9.000 4.000 4.000 6.000 4.000 3.000 1.000 9.000 9.000 4.000 2.000 6.000 9.000 2.000 3.000 4.000 2.000 9.000 1.000 10.000 6.000 3.000 5.000 10.000 4.000 6.000 8.000 5.000 1.000 9.000 3.000 2.000 5.000 8.000 1.000 6.000 7.000 5.000 6.000 3.000 0.000 5.000 5.000 5.000 4.000 5.000 5.000 7.000 5.000 3.000 1.000 7.000 2.000 9.000 1.000 9.000 7.000 6.000 3.000 1.000 8.000 1.000 2.000 2.000 3.000 10.000 0.000 5.000 2.000 1.000 5.000 10.000 6.000 7.000 
f18 < 47.000 4.000 3.000 4.000 8.000 6.000 9.000 7.000 10.000 4.000 5.000 0.000 9.000 2.000 6.000 5.000 4.000 0.000 1.000 5.000 10.000 8.000 3.000 8.000 8.000 9.000 6.000 8.000 6.000 4.000 9.000 2.000 0.000 3.000 3.000 1.000 2.000 0.000 0.000 6.000 2.000 7.000 9.000 5.000 9.000 0.000 6.000 9.000 5.000 4.000 9.000 7.000 1.000 3.000 7.000 5.000 7.000 5.000 8.000 4.000 0.000 7.000 7.000 5.000 8.000 4.000 10.000 8.000 8.000 5.000 1.000 8.000 10.000 10.000 5.000 2.000 8.000 3.000 7.000 4.000 6.000 1.000 5.000 6.000 6.000 3.000 1.000 10.000 0.000 5.000 3.000 3.000 8.000 1.000 10.000 6.000 10.000 7.000 4.000 3.000 8.000 9.000 1.000 7.000 8.000 3.000 2.000 5.000 7.000 8.000 4.000 10.000 10.000 5.000 9.000 1.000 7.000 8.000 2.000 4.000 4.000 
f19 < 50.000 9.000 9.000 4.000 9.000 10.000 3.000 0.000 4.000 6.000 5.000 9.000 1.000 10.000 0.000 2.000 10.000 2.000 10.000 5.000 10.000 2.000 4.000 0.000 8.000 7.000 8.000 4.000 10.000 8.000 8.000 2.000 2.000 10.000 3.000 0.000 5.000 6.000 6.000 0.000 0.000 6.000 9.000 2.000 10.000 2.000 8.000 5.000 3.000 5.000 3.000 1.000 4.000 0.000 1.000 1.000 6.000 9.000 3.000 10.000 9.000 0.000 4.000 9.000 3.000 9.000 8.000 4.000 1.000 1.000 1.000 8.000 0.000 3.000 6.000 2.000 1.000 2.000 2.000 10.000 4.000 4.000 8.000 5.000 9.000 8.000 2.000 6.000 4.000 6.000 2.000 1.000 7.000 9.000 5.000 6.000 0.000 8.000 1.000 8.000 9.000 9.000 5.000 5.000 0.000 6.000 8.000 1.000 0.000 4.000 7.000 8.000 1.000 4.000 6.000 6.000 4.000 5.000 3.000 9.000 10.000 
f20 < 23.000 9.000 2.000 0.000 9.000 1.000 4.000 2.000 0.000 10.000 0.000 6.000 7.000 5.000 5.000 7.000 10.000 7.000 3.000 3.000 0.000 0.000 9.000 9.000 1.000 0.000 2.000 6.000 4.000 9.000 10.000 1.000 5.000 10.000 1.000 0.000 6.000 0.000 4.000 0.000 5.000 5.000 0.000 1.000 9.000 5.000 8.000 2.000 9.000 2.000 1.000 7.000 9.000 8.000 2.000 10.000 0.000 2.000 1.000 3.000 1.000 3.000 6.000 4.000 8.000 1.000 2.000 2.000 3.000 0.000 7.000 1.000 7.000 7.000 4.000 4.000 10.000 5.000 7.000 5.000 1.000 10.000 2.000 10.000 6.000 0.000 1.000 3.000 3.000 10.000 5.000 3.000 1.000 0.000 4.000 7.000 2.000 7.000 3.000 7.000 7.000 8.000 7.000 1.000 10.000 0.000 2.000 6.000 6.000 5.000 3.000 7.000 10.000 3.000 0.000 4.000 6.000 2.000 6.000 0.000 7.000 
f21 < 107.000 5.000 2.000 2.000 2.000 10.000 8.000 8.000 5.000 8.000 8.000 6.000 9.000 2.000 3.000 7.000 5.000 0.000 3.000 1.000 0.000 1.000 10.000 9.000 8.000 7.000 5.000 3.000 7.000 10.000 4.000 5.000 6.000 0.000 7.000 6.000 10.000 6.000 4.000 2.000 9.000 0.000 3.000 7.000 4.000 4.000 10.000 1.000 7.000 9.000 7.000 9.000 9.000 4.000 8.000 2.000 6.000 0.000 6.000 2.000 8.000 9.000 8.000 6.000 6.000 2.000 8.000 6.000 5.000 9.000 2.000 3.000 5.000 8.000 9.000 0.000 3.000 6.000 7.000 9.000 10.000 6.000 6.000 0.000 0.000 6.000 2.000 0.000 3.000 4.000 5.000 4.000 10.000 1.000 7.000 0.000 5.000 7.000 7.000 8.000 10.000 7.000 2.000 8.000 0.000 0.000 9.000 2.000 4.000 10.000 10.000 9.000 6.000 0.000 3.000 0.000 9.000 8.000 10.000 9.000 10.000 
f22 < 107.000 5.000 2.000 0.000 5.000 2.000 4.000 10.000 10.000 7.000 5.000 7.000 2.000 4.000 6.000 9.000 4.000 8.000 7.000 7.000 7.000 6.000 6.000 7.000 7.000 8.000 7.000 4.000 4.000 1.000 4.000 5.000 2.000 5.000 5.000 9.000 1.000 2.000 0.000 9.000 6.000 8.000 2.000 7.000 5.000 9.000 1.000 6.000 1.000 0.000 6.000 9.000 4.000 4.000 9.000 5.000 4.000 2.000 0.000 6.000 10.000 4.000 7.000 1.000 8.000 1.000 7.000 2.000 5.000 4.000 0.000 7.000 4.000 9.000 3.000 2.000 6.000 1.000 3.000 8.000 0.000 3.000 5.000 7.000 3.000 3.000 6.000 4.000 3.000 3.000 0.000 9.000 9.000 10.000 2.000 8.000 4.000 6.000 2.000 9.000 6.000 10.000 8.000 4.000 9.000 6.000 8.000 1.000 3.000 4.000 2.000 4.000 0.000 8.000 2.000 3.000 8.000 9.000 2.000 0.000 10.000 
f23 < 11.000 1.000 9.000 8.000 7.000 0.000 2.000 2.000 10.000 9.000 4.000 5.000 1.000 2.000 6.000 9.000 3.000 7.000 1.000 1.000 7.000 8.000 1.000 0.000 4.000 7.000 1.000 2.000 4.000 2.000 2.000 5.000 2.000 9.000 2.000 8.000 9.000 5.000 4.000 7.000 6.000 0.000 9.000 8.000 7.000 2.000 9.000 9.000 10.000 4.000 5.000 6.000 2.000 1.000 6.000 0.000 0.000 5.000 8.000 7.000 3.000 5.000 10.000 6.000 7.000 8.000 6.000 2.000 4.000 0.000 9.000 6.000 10.000 3.000 9.000 2.000 6.000 0.000 6.000 3.000 2.000 7.000 10.000 8.000 9.000 0.000 8.000 10.000 10.000 3.000 5.000 1.000 7.000 3.000 0.000 4.000 2.000 8.000 8.000 10.000 9.000 4.000 6.000 4.000 2.000 10.000 9.000 6.000 7.000 7.000 7.000 9.000 4.000 10.000 2.000 6.000 7.000 6.000 5.000 9.000 2.000 
