10 4 -408.500 140.625
10 4 -152.833 -0.000
x0 0.000 10.000 -15.000 I
x1 0.000 10.000 5.000 I
x2 0.000 10.000 -5.000 I
x3 0.000 10.000 21.000 I
x4 0.000 10.000 -25.000 I
x5 0.000 10.000 31.000 I
x6 0.000 10.000 -19.000 I
x7 0.000 10.000 32.000 I
x8 0.000 10.000 13.000 I
x9 0.000 10.000 -13.000 I
y0 0.000 inf -28.000 0.000 C
y1 0.000 inf 42.000 -30.000 C
y2 0.000 inf -43.000 -15.000 C
y3 0.000 inf -28.000 12.000 C
y4 0.000 inf 1.000 0.000 C
y5 0.000 inf 6.000 0.000 C
y6 0.000 inf 5.000 0.000 C
y7 0.000 inf 20.000 -44.000 C
y8 0.000 inf -1.000 -38.000 C
y9 0.000 inf -1.000 -5.000 C
l0 < 65.000 8.000 6.000 10.000 10.000 4.000 7.000 7.000 7.000 3.000 7.000 
l1 < 113.000 9.000 1.000 10.000 5.000 10.000 0.000 8.000 1.000 0.000 3.000 
l2 < 89.000 1.000 3.000 1.000 8.000 8.000 9.000 8.000 7.000 1.000 10.000 
l3 < 85.000 10.000 6.000 10.000 1.000 10.000 10.000 4.000 0.000 9.000 0.000 
f0 < 19.000 10.000 4.000 5.000 6.000 1.000 1.000 7.000 2.000 5.000 1.000 8.000 2.000 2.000 9.000 9.000 4.000 2.000 9.000 3.000 8.000 
f1 < 23.000 3.000 6.000 8.000 5.000 8.000 6.000 8.000 10.000 10.000 10.000 9.000 8.000 2.000 6.000 6.000 0.000 2.000 10.000 9.000 4.000 
f2 < 105.000 8.000 0.000 10.000 0.000 3.000 2.000 4.000 1.000 0.000 0.000 0.000 4.000 1.000 6.000 3.000 2.000 4.000 5.000 4.000 2.000 
f3 < 106.000 8.000 0.000 1.000 3.000 5.000 7.000 0.000 9.000 4.000 8.000 4.000 10.000 1.000 1.000 5.000 1.000 0.000 5.000 1.000 4.000 
