10 4 -172.476 462.000
10 4 -446.857 -0.000
x0 0.000 10.000 23.000 I
x1 0.000 10.000 35.000 I
x2 0.000 10.000 10.000 I
x3 0.000 10.000 13.000 I
x4 0.000 10.000 37.000 I
x5 0.000 10.000 7.000 I
x6 0.000 10.000 41.000 I
x7 0.000 10.000 -12.000 I
x8 0.000 10.000 49.000 I
x9 0.000 10.000 -7.000 I
y0 0.000 inf -29.000 0.000 C
y1 0.000 inf 27.000 -1.000 C
y2 0.000 inf 5.000 0.000 C
y3 0.000 inf -7.000 0.000 C
y4 0.000 inf 44.000 27.000 C
y5 0.000 inf 0.000 -46.000 C
y6 0.000 inf -14.000 0.000 C
y7 0.000 inf 28.000 0.000 C
y8 0.000 inf -34.000 33.000 C
y9 0.000 inf -48.000 41.000 C
l0 < 127.000 1.000 1.000 9.000 2.000 8.000 1.000 10.000 5.000 2.000 1.000 
l1 < 107.000 9.000 6.000 10.000 1.000 0.000 10.000 7.000 6.000 6.000 4.000 
l2 < 30.000 1.000 0.000 10.000 5.000 7.000 6.000 4.000 7.000 9.000 3.000 
l3 < 98.000 5.000 8.000 5.000 6.000 5.000 4.000 9.000 4.000 4.000 4.000 
f0 < 83.000 7.000 8.000 9.000 10.000 9.000 5.000 2.000 0.000 2.000 9.000 2.000 6.000 5.000 8.000 3.000 7.000 0.000 9.000 9.000 6.000 
f1 < 47.000 7.000 2.000 4.000 10.000 4.000 7.000 3.000 6.000 1.000 8.000 0.000 5.000 8.000 7.000 1.000 4.000 5.000 4.000 10.000 7.000 
f2 < 68.000 6.000 4.000 3.000 6.000 9.000 1.000 4.000 3.000 10.000 1.000 3.000 4.000 8.000 1.000 1.000 7.000 3.000 0.000 0.000 7.000 
f3 < 21.000 2.000 9.000 6.000 3.000 0.000 3.000 6.000 2.000 10.000 3.000 7.000 3.000 6.000 5.000 2.000 2.000 10.000 7.000 4.000 7.000 
