10 4 -331.050 128.500
10 4 -707.250 -0.000
x0 0.000 10.000 10.000 I
x1 0.000 10.000 -10.000 I
x2 0.000 10.000 -30.000 I
x3 0.000 10.000 40.000 I
x4 0.000 10.000 -32.000 I
x5 0.000 10.000 -34.000 I
x6 0.000 10.000 15.000 I
x7 0.000 10.000 7.000 I
x8 0.000 10.000 -7.000 I
x9 0.000 10.000 -20.000 I
y0 0.000 inf -24.000 -47.000 C
y1 0.000 inf -26.000 42.000 C
y2 0.000 inf 11.000 0.000 C
y3 0.000 inf 7.000 -2.000 C
y4 0.000 inf -46.000 41.000 C
y5 0.000 inf -7.000 -41.000 C
y6 0.000 inf -35.000 -39.000 C
y7 0.000 inf 23.000 6.000 C
y8 0.000 inf -12.000 -28.000 C
y9 0.000 inf -9.000 36.000 C
l0 < 114.000 3.000 1.000 1.000 4.000 1.000 7.000 7.000 2.000 1.000 8.000 
l1 < 111.000 8.000 2.000 4.000 2.000 5.000 10.000 10.000 8.000 9.000 0.000 
l2 < 86.000 10.000 0.000 9.000 4.000 9.000 3.000 6.000 3.000 6.000 10.000 
l3 < 56.000 10.000 6.000 6.000 10.000 0.000 1.000 9.000 4.000 8.000 5.000 
f0 < 32.000 7.000 5.000 2.000 6.000 4.000 2.000 8.000 6.000 6.000 8.000 4.000 8.000 2.000 0.000 1.000 0.000 2.000 4.000 8.000 9.000 
f1 < 41.000 2.000 10.000 5.000 9.000 0.000 3.000 5.000 10.000 3.000 1.000 8.000 9.000 3.000 6.000 5.000 2.000 10.000 10.000 2.000 6.000 
f2 < 69.000 5.000 8.000 0.000 10.000 5.000 1.000 3.000 9.000 6.000 9.000 8.000 2.000 3.000 1.000 10.000 4.000 7.000 0.000 10.000 8.000 
f3 < 93.000 4.000 10.000 8.000 10.000 2.000 8.000 9.000 3.000 8.000 0.000 4.000 1.000 10.000 9.000 3.000 3.000 10.000 6.000 8.000 3.000 
