60 24 -199.810 209.586
60 24 -178.250 -0.000
x0 0.000 10.000 -2.000 I
x1 0.000 10.000 -7.000 I
x2 0.000 10.000 -22.000 I
x3 0.000 10.000 17.000 I
x4 0.000 10.000 -50.000 I
x5 0.000 10.000 18.000 I
x6 0.000 10.000 33.000 I
x7 0.000 10.000 -29.000 I
x8 0.000 10.000 45.000 I
x9 0.000 10.000 -29.000 I
x10 0.000 10.000 -37.000 I
x11 0.000 10.000 40.000 I
x12 0.000 10.000 33.000 I
x13 0.000 10.000 49.000 I
x14 0.000 10.000 22.000 I
x15 0.000 10.000 50.000 I
x16 0.000 10.000 -26.000 I
x17 0.000 10.000 -38.000 I
x18 0.000 10.000 -30.000 I
x19 0.000 10.000 24.000 I
x20 0.000 10.000 -12.000 I
x21 0.000 10.000 45.000 I
x22 0.000 10.000 -24.000 I
x23 0.000 10.000 16.000 I
x24 0.000 10.000 -18.000 I
x25 0.000 10.000 18.000 I
x26 0.000 10.000 29.000 I
x27 0.000 10.000 -16.000 I
x28 0.000 10.000 50.000 I
x29 0.000 10.000 -25.000 I
x30 0.000 10.000 -24.000 I
x31 0.000 10.000 -6.000 I
x32 0.000 10.000 -50.000 I
x33 0.000 10.000 12.000 I
x34 0.000 10.000 -36.000 I
x35 0.000 10.000 -46.000 I
x36 0.000 10.000 32.000 I
x37 0.000 10.000 23.000 I
x38 0.000 10.000 32.000 I
x39 0.000 10.000 -44.000 I
x40 0.000 10.000 -18.000 I
x41 0.000 10.000 16.000 I
x42 0.000 10.000 2.000 I
x43 0.000 10.000 1.000 I
x44 0.000 10.000 12.000 I
x45 0.000 10.000 7.000 I
x46 0.000 10.000 -40.000 I
x47 0.000 10.000 19.000 I
x48 0.000 10.000 -21.000 I
x49 0.000 10.000 -30.000 I
x50 0.000 10.000 -47.000 I
x51 0.000 10.000 -3.000 I
x52 0.000 10.000 10.000 I
x53 0.000 10.000 -34.000 I
x54 0.000 10.000 34.000 I
x55 0.000 10.000 3.000 I
x56 0.000 10.000 34.000 I
x57 0.000 10.000 29.000 I
x58 0.000 10.000 6.000 I
x59 0.000 10.000 1.000 I
y0 0.000 inf -48.000 6.000 C
y1 0.000 inf -15.000 7.000 C
y2 0.000 inf -47.000 19.000 C
y3 0.000 inf -27.000 -45.000 C
y4 0.000 inf -41.000 26.000 C
y5 0.000 inf 48.000 -50.000 C
y6 0.000 inf -44.000 45.000 C
y7 0.000 inf 26.000 -37.000 C
y8 0.000 inf 34.000 -9.000 C
y9 0.000 inf -47.000 -9.000 C
y10 0.000 inf 4.000 11.000 C
y11 0.000 inf 42.000 1.000 C
y12 0.000 inf -37.000 0.000 C
y13 0.000 inf 48.000 -30.000 C
y14 0.000 inf -39.000 7.000 C
y15 0.000 inf -31.000 -11.000 C
y16 0.000 inf 11.000 -13.000 C
y17 0.000 inf -16.000 -3.000 C
y18 0.000 inf 16.000 10.000 C
y19 0.000 inf 29.000 -19.000 C
y20 0.000 inf -35.000 8.000 C
y21 0.000 inf 42.000 26.000 C
y22 0.000 inf -41.000 -28.000 C
y23 0.000 inf -17.000 30.000 C
y24 0.000 inf 33.000 17.000 C
y25 0.000 inf -11.000 16.000 C
y26 0.000 inf -50.000 6.000 C
y27 0.000 inf 17.000 -34.000 C
y28 0.000 inf 5.000 -30.000 C
y29 0.000 inf 0.000 -17.000 C
y30 0.000 inf 45.000 25.000 C
y31 0.000 inf -5.000 15.000 C
y32 0.000 inf 5.000 5.000 C
y33 0.000 inf 32.000 -21.000 C
y34 0.000 inf 39.000 0.000 C
y35 0.000 inf 37.000 15.000 C
y36 0.000 inf -45.000 -31.000 C
y37 0.000 inf -5.000 33.000 C
y38 0.000 inf 41.000 29.000 C
y39 0.000 inf -33.000 -35.000 C
y40 0.000 inf 2.000 7.000 C
y41 0.000 inf -41.000 -44.000 C
y42 0.000 inf 31.000 -29.000 C
y43 0.000 inf 7.000 -33.000 C
y44 0.000 inf -19.000 23.000 C
y45 0.000 inf -39.000 11.000 C
y46 0.000 inf 3.000 -44.000 C
y47 0.000 inf 42.000 5.000 C
y48 0.000 inf -18.000 24.000 C
y49 0.000 inf 41.000 -24.000 C
y50 0.000 inf 45.000 -6.000 C
y51 0.000 inf -49.000 -1.000 C
y52 0.000 inf 27.000 15.000 C
y53 0.000 inf -32.000 50.000 C
y54 0.000 inf 36.000 22.000 C
y55 0.000 inf -29.000 -35.000 C
y56 0.000 inf -4.000 19.000 C
y57 0.000 inf 27.000 -45.000 C
y58 0.000 inf 9.000 -17.000 C
y59 0.000 inf 34.000 49.000 C
l0 < 122.000 3.000 0.000 6.000 0.000 3.000 1.000 3.000 4.000 10.000 7.000 8.000 5.000 2.000 4.000 8.000 3.000 0.000 10.000 0.000 9.000 4.000 9.000 5.000 0.000 9.000 10.000 4.000 0.000 4.000 4.000 1.000 8.000 1.000 0.000 4.000 2.000 0.000 3.000 8.000 0.000 8.000 9.000 5.000 8.000 10.000 9.000 5.000 1.000 6.000 2.000 7.000 1.000 8.000 9.000 10.000 2.000 3.000 8.000 8.000 8.000 
l1 < 101.000 3.000 3.000 2.000 2.000 6.000 1.000 10.000 4.000 1.000 9.000 4.000 0.000 1.000 10.000 0.000 7.000 5.000 3.000 9.000 3.000 0.000 3.000 2.000 5.000 9.000 10.000 2.000 1.000 0.000 0.000 3.000 4.000 7.000 10.000 4.000 2.000 5.000 1.000 6.000 9.000 8.000 8.000 7.000 6.000 9.000 3.000 2.000 9.000 8.000 7.000 5.000 9.000 8.000 4.000 8.000 5.000 8.000 4.000 0.000 6.000 
l2 < 99.000 4.000 0.000 2.000 3.000 3.000 8.000 10.000 10.000 10.000 6.000 1.000 8.000 8.000 4.000 0.000 3.000 6.000 2.000 2.000 1.000 0.000 7.000 2.000 7.000 2.000 0.000 8.000 5.000 8.000 10.000 7.000 6.000 2.000 6.000 6.000 10.000 1.000 6.000 4.000 6.000 2.000 4.000 0.000 10.000 0.000 5.000 1.000 1.000 6.000 8.000 0.000 7.000 3.000 0.000 5.000 0.000 7.000 0.000 7.000 7.000 
l3 < 106.000 2.000 7.000 3.000 8.000 0.000 1.000 10.000 4.000 2.000 2.000 10.000 2.000 8.000 0.000 5.000 1.000 9.000 6.000 1.000 4.000 8.000 1.000 1.000 10.000 8.000 0.000 4.000 7.000 4.000 5.000 6.000 3.000 7.000 3.000 10.000 8.000 6.000 1.000 8.000 0.000 9.000 8.000 10.000 2.000 9.000 1.000 8.000 7.000 1.000 8.000 10.000 9.000 2.000 10.000 4.000 8.000 2.000 0.000 9.000 7.000 
l4 < 33.000 7.000 2.000 2.000 5.000 1.000 6.000 2.000 8.000 10.000 6.000 7.000 5.000 2.000 2.000 1.000 5.000 8.000 8.000 5.000 1.000 1.000 3.000 2.000 0.000 4.000 5.000 9.000 1.000 1.000 10.000 1.000 2.000 3.000 4.000 0.000 8.000 4.000 0.000 6.000 4.000 4.000 6.000 8.000 0.000 10.000 3.000 10.000 10.000 0.000 8.000 0.000 8.000 1.000 0.000 2.000 10.000 6.000 0.000 9.000 3.000 
l5 < 92.000 4.000 5.000 1.000 7.000 3.000 5.000 0.000 0.000 7.000 5.000 4.000 8.000 8.000 6.000 0.000 9.000 4.000 6.000 2.000 0.000 10.000 5.000 3.000 10.000 7.000 8.000 1.000 4.000 9.000 2.000 6.000 8.000 5.000 3.000 3.000 1.000 4.000 4.000 3.000 0.000 4.000 3.000 4.000 8.000 10.000 7.000 2.000 5.000 9.000 8.000 8.000 5.000 10.000 1.000 6.000 10.000 5.000 6.000 3.000 5.000 
l6 < 82.000 2.000 0.000 9.000 5.000 6.000 8.000 3.000 5.000 2.000 9.000 1.000 0.000 4.000 10.000 2.000 3.000 9.000 0.000 3.000 8.000 5.000 3.000 4.000 6.000 0.000 7.000 10.000 10.000 5.000 7.000 6.000 0.000 7.000 8.000 2.000 3.000 3.000 10.000 0.000 2.000 7.000 3.000 7.000 8.000 8.000 9.000 1.000 1.000 1.000 7.000 6.000 0.000 7.000 5.000 1.000 7.000 2.000 8.000 8.000 8.000 
l7 < 87.000 1.000 9.000 8.000 8.000 1.000 8.000 9.000 7.000 1.000 7.000 3.000 4.000 9.000 6.000 6.000 5.000 5.000 3.000 5.000 9.000 8.000 7.000 6.000 1.000 9.000 6.000 4.000 10.000 0.000 5.000 7.000 7.000 3.000 0.000 4.000 3.000 4.000 2.000 8.000 1.000 1.000 4.000 6.000 4.000 2.000 8.000 8.000 0.000 0.000 1.000 10.000 5.000 1.000 8.000 7.000 4.000 6.000 0.000 6.000 7.000 
l8 < 88.000 7.000 6.000 9.000 2.000 6.000 6.000 0.000 2.000 7.000 6.000 5.000 0.000 8.000 8.000 0.000 8.000 1.000 1.000 9.000 8.000 3.000 9.000 4.000 3.000 8.000 3.000 1.000 8.000 10.000 2.000 7.000 2.000 3.000 8.000 3.000 2.000 3.000 4.000 10.000 5.000 6.000 1.000 3.000 3.000 2.000 8.000 6.000 8.000 6.000 10.000 4.000 4.000 7.000 4.000 2.000 0.000 9.000 0.000 10.000 10.000 
l9 < 51.000 3.000 3.000 8.000 10.000 7.000 9.000 1.000 3.000 1.000 9.000 4.000 5.000 2.000 6.000 0.000 3.000 5.000 1.000 9.000 3.000 0.000 10.000 5.000 2.000 3.000 6.000 0.000 0.000 4.000 9.000 3.000 7.000 8.000 6.000 8.000 10.000 9.000 5.000 6.000 8.000 10.000 2.000 2.000 9.000 1.000 5.000 8.000 0.000 5.000 4.000 5.000 6.000 1.000 8.000 9.000 3.000 8.000 7.000 8.000 7.000 
l10 < 113.000 0.000 10.000 0.000 7.000 5.000 2.000 3.000 8.000 6.000 8.000 9.000 6.000 2.000 5.000 10.000 0.000 1.000 8.000 0.000 9.000 9.000 9.000 8.000 0.000 9.000 9.000 4.000 4.000 9.000 3.000 1.000 3.000 8.000 7.000 5.000 2.000 7.000 2.000 2.000 1.000 6.000 0.000 10.000 5.000 3.000 3.000 6.000 6.000 5.000 0.000 8.000 10.000 0.000 3.000 6.000 7.000 9.000 9.000 3.000 2.000 
l11 < 62.000 7.000 0.000 1.000 2.000 9.000 8.000 1.000 9.000 5.000 6.000 1.000 3.000 4.000 0.000 5.000 8.000 3.000 5.000 1.000 8.000 2.000 8.000 2.000 2.000 3.000 9.000 4.000 1.000 9.000 1.000 10.000 9.000 5.000 9.000 7.000 2.000 8.000 6.000 8.000 4.000 7.000 7.000 7.000 10.000 1.000 4.000 3.000 3.000 10.000 8.000 4.000 10.000 8.000 3.000 0.000 4.000 5.000 4.000 10.000 4.000 
l12 < 74.000 9.000 0.000 0.000 3.000 0.000 1.000 0.000 8.000 2.000 2.000 5.000 9.000 8.000 3.000 10.000 3.000 4.000 5.000 2.000 0.000 0.000 8.000 7.000 3.000 1.000 3.000 4.000 2.000 0.000 4.000 6.000 4.000 2.000 0.000 5.000 3.000 9.000 0.000 10.000 9.000 7.000 9.000 5.000 7.000 8.000 3.000 6.000 4.000 1.000 10.000 1.000 10.000 2.000 6.000 9.000 2.000 3.000 8.000 7.000 2.000 
l13 < 48.000 1.000 6.000 3.000 1.000 0.000 6.000 9.000 7.000 7.000 10.000 7.000 8.000 2.000 7.000 7.000 10.000 0.000 3.000 9.000 7.000 0.000 7.000 0.000 10.000 7.000 2.000 0.000 4.000 9.000 2.000 2.000 7.000 4.000 7.000 6.000 4.000 8.000 8.000 3.000 4.000 4.000 4.000 4.000 1.000 4.000 3.000 1.000 4.000 8.000 6.000 6.000 5.000 0.000 10.000 1.000 10.000 1.000 5.000 3.000 8.000 
l14 < 56.000 3.000 10.000 2.000 7.000 7.000 4.000 10.000 10.000 4.000 7.000 8.000 7.000 8.000 9.000 7.000 0.000 4.000 9.000 2.000 0.000 7.000 6.000 4.000 10.000 2.000 7.000 3.000 2.000 9.000 5.000 2.000 3.000 6.000 3.000 2.000 5.000 4.000 3.000 8.000 10.000 5.000 2.000 2.000 5.000 8.000 6.000 4.000 4.000 7.000 6.000 6.000 7.000 0.000 1.000 2.000 2.000 0.000 2.000 6.000 5.000 
l15 < 37.000 2.000 1.000 5.000 10.000 1.000 7.000 4.000 7.000 5.000 7.000 8.000 10.000 3.000 7.000 3.000 5.000 8.000 1.000 4.000 1.000 4.000 7.000 8.000 5.000 2.000 3.000 2.000 1.000 1.000 5.000 0.000 4.000 8.000 8.000 7.000 6.000 0.000 1.000 8.000 3.000 2.000 9.000 8.000 3.000 10.000 4.000 9.000 9.000 10.000 1.000 9.000 1.000 4.000 1.000 4.000 0.000 5.000 4.000 8.000 1.000 
l16 < 105.000 1.000 4.000 0.000 6.000 5.000 6.000 1.000 2.000 5.000 8.000 7.000 9.000 5.000 8.000 10.000 1.000 10.000 0.000 3.000 5.000 7.000 3.000 6.000 6.000 4.000 6.000 9.000 4.000 10.000 10.000 7.000 3.000 1.000 1.000 3.000 1.000 0.000 3.000 8.000 8.000 6.000 8.000 4.000 8.000 9.000 10.000 4.000 7.000 6.000 7.000 10.000 2.000 6.000 5.000 2.000 2.000 1.000 5.000 4.000 7.000 
l17 < 69.000 2.000 3.000 1.000 10.000 6.000 4.000 10.000 1.000 8.000 4.000 5.000 10.000 2.000 8.000 4.000 3.000 10.000 6.000 4.000 8.000 9.000 5.000 6.000 8.000 7.000 6.000 7.000 2.000 4.000 10.000 10.000 6.000 8.000 7.000 7.000 5.000 9.000 7.000 7.000 7.000 6.000 2.000 1.000 5.000 6.000 3.000 9.000 9.000 2.000 6.000 3.000 2.000 0.000 10.000 7.000 8.000 6.000 7.000 0.000 7.000 
l18 < 92.000 2.000 1.000 6.000 7.000 3.000 1.000 7.000 2.000 3.000 2.000 1.000 7.000 6.000 0.000 1.000 5.000 3.000 7.000 1.000 3.000 4.000 10.000 8.000 10.000 4.000 1.000 2.000 10.000 10.000 10.000 1.000 4.000 9.000 0.000 10.000 4.000 9.000 4.000 10.000 1.000 8.000 3.000 9.000 1.000 5.000 8.000 10.000 8.000 2.000 3.000 0.000 10.000 0.000 8.000 1.000 8.000 9.000 6.000 10.000 9.000 
l19 < 44.000 6.000 4.000 6.000 10.000 3.000 2.000 7.000 1.000 7.000 3.000 4.000 0.000 4.000 8.000 0.000 3.000 7.000 5.000 8.000 10.000 5.000 7.000 7.000 10.000 3.000 4.000 3.000 4.000 5.000 5.000 7.000 1.000 9.000 4.000 7.000 5.000 3.000 9.000 4.000 1.000 8.000 8.000 6.000 5.000 2.000 2.000 6.000 3.000 6.000 7.000 0.000 0.000 6.000 1.000 9.000 1.000 0.000 5.000 5.000 5.000 
l20 < 67.000 9.000 3.000 5.000 7.000 10.000 3.000 4.000 6.000 1.000 10.000 5.000 2.000 3.000 0.000 4.000 8.000 10.000 10.000 2.000 6.000 8.000 8.000 8.000 0.000 7.000 6.000 10.000 3.000 2.000 6.000 8.000 1.000 10.000 9.000 6.000 8.000 8.000 3.000 7.000 10.000 2.000 9.000 6.000 10.000 1.000 3.000 7.000 2.000 4.000 10.000 5.000 7.000 3.000 8.000 7.000 1.000 4.000 2.000 0.000 5.000 
l21 < 44.000 7.000 9.000 10.000 8.000 1.000 1.000 10.000 7.000 5.000 2.000 7.000 3.000 3.000 3.000 6.000 5.000 7.000 5.000 8.000 10.000 4.000 6.000 3.000 9.000 3.000 0.000 10.000 10.000 8.000 10.000 9.000 7.000 4.000 9.000 1.000 6.000 7.000 6.000 9.000 1.000 7.000 7.000 3.000 4.000 7.000 2.000 6.000 7.000 3.000 5.000 10.000 2.000 1.000 7.000 3.000 0.000 5.000 7.000 0.000 7.000 
l22 < 65.000 9.000 8.000 6.000 9.000 9.000 3.000 10.000 3.000 2.000 4.000 5.000 9.000 5.000 7.000 0.000 2.000 2.000 4.000 9.000 2.000 8.000 10.000 9.000 2.000 10.000 5.000 8.000 3.000 6.000 6.000 5.000 2.000 9.000 3.000 9.000 1.000 9.000 3.000 0.000 3.000 9.000 3.000 7.000 1.000 6.000 7.000 8.000 1.000 0.000 2.000 0.000 8.000 6.000 3.000 8.000 9.000 7.000 0.000 6.000 10.000 
l23 < 78.000 9.000 6.000 6.000 10.000 9.000 4.000 1.000 2.000 2.000 0.000 2.000 7.000 9.000 6.000 3.000 9.000 9.000 6.000 0.000 9.000 5.000 0.000 10.000 0.000 1.000 0.000 9.000 9.000 2.000 6.000 4.000 9.000 5.000 7.000 5.000 2.000 9.000 10.000 2.000 1.000 2.000 2.000 4.000 6.000 5.000 1.000 7.000 9.000 8.000 6.000 4.000 3.000 6.000 1.000 9.000 6.000 1.000 0.000 3.000 3.000 
f0 < 53.000 6.000 0.000 1.000 7.000 9.000 5.000 10.000 1.000 9.000 7.000 3.000 6.000 5.000 10.000 7.000 4.000 2.000 4.000 0.000 2.000 1.000 5.000 10.000 1.000 2.000 7.000 7.000 10.000 3.000 6.000 8.000 3.000 9.000 0.000 1.000 7.000 2.000 0.000 3.000 3.000 5.000 8.000 0.000 9.000 9.000 10.000 0.000 7.000 8.000 0.000 10.000 3.000 9.000 1.000 3.000 3.000 6.000 9.000 0.000 2.000 8.000 3.000 2.000 9.000 0.000 9.000 6.000 7.000 6.000 10.000 10.000 8.000 7.000 4.000 4.000 4.000 3.000 2.000 3.000 5.000 8.000 8.000 1.000 1.000 6.000 6.000 1.000 7.000 3.000 2.000 10.000 5.000 4.000 1.000 3.000 4.000 9.000 5.000 2.000 7.000 9.000 4.000 5.000 7.000 1.000 10.000 6.000 5.000 3.000 0.000 7.000 4.000 8.000 1.000 1.000 8.000 9.000 6.000 7.000 10.000 
f1 < 15.000 6.000 5.000 4.000 0.000 10.000 10.000 4.000 8.000 3.000 8.000 7.000 4.000 6.000 7.000 4.000 8.000 9.000 10.000 1.000 10.000 0.000 0.000 7.000 1.000 9.000 3.000 6.000 6.000 1.000 5.000 10.000 3.000 9.000 0.000 3.000 7.000 9.000 3.000 4.000 5.000 7.000 5.000 5.000 10.000 2.000 6.000 9.000 8.000 7.000 6.000 9.000 8.000 9.000 6.000 5.000 6.000 1.000 0.000 1.000 1.000 9.000 10.000 0.000 0.000 1.000 0.000 4.000 7.000 10.000 0.000 1.000 7.000 3.000 4.000 6.000 10.000 5.000 7.000 2.000 9.000 0.000 4.000 5.000 1.000 8.000 10.000 1.000 4.000 9.000 4.000 3.000 1.000 10.000 0.000 10.000 7.000 8.000 5.000 3.000 6.000 3.000 10.000 10.000 6.000 5.000 7.000 8.000 10.000 0.000 5.000 6.000 9.000 9.000 5.000 2.000 3.000 0.000 0.000 2.000 2.000 
f2 < 104.000 8.000 6.000 0.000 6.000 1.000 10.000 3.000 4.000 1.000 10.000 7.000 4.000 2.000 5.000 10.000 5.000 6.000 6.000 6.000 4.000 1.000 7.000 7.000 5.000 4.000 0.000 6.000 4.000 4.000 0.000 5.000 2.000 5.000 0.000 6.000 1.000 10.000 7.000 3.000 9.000 9.000 2.000 1.000 2.000 9.000 3.000 4.000 2.000 10.000 10.000 8.000 6.000 2.000 10.000 7.000 3.000 6.000 8.000 10.000 8.000 7.000 8.000 1.000 2.000 5.000 4.000 6.000 2.000 0.000 1.000 7.000 8.000 5.000 2.000 1.000 7.000 6.000 7.000 2.000 5.000 0.000 1.000 2.000 6.000 10.000 4.000 1.000 2.000 3.000 6.000 5.000 2.000 3.000 2.000 8.000 7.000 2.000 4.000 3.000 3.000 3.000 7.000 4.000 5.000 0.000 10.000 4.000 2.000 3.000 1.000 4.000 0.000 1.000 0.000 3.000 1.000 0.000 4.000 7.000 10.000 
f3 < 105.000 8.000 3.000 1.000 6.000 9.000 6.000 6.000 3.000 8.000 6.000 3.000 0.000 10.000 0.000 9.000 10.000 4.000 4.000 5.000 0.000 3.000 8.000 8.000 3.000 7.000 7.000 8.000 0.000 8.000 7.000 8.000 1.000 5.000 6.000 9.000 9.000 4.000 6.000 5.000 10.000 3.000 9.000 9.000 7.000 4.000 4.000 9.000 3.000 4.000 7.000 6.000 6.000 5.000 7.000 8.000 5.000 5.000 2.000 7.000 7.000 7.000 0.000 2.000 10.000 1.000 5.000 5.000 8.000 0.000 4.000 8.000 9.000 3.000 9.000 4.000 0.000 8.000 5.000 5.000 1.000 8.000 5.000 2.000 8.000 10.000 9.000 5.000 6.000 10.000 7.000 10.000 1.000 5.000 3.000 9.000 0.000 4.000 10.000 3.000 0.000 5.000 4.000 8.000 0.000 5.000 8.000 1.000 7.000 3.000 0.000 3.000 8.000 7.000 9.000 2.000 3.000 5.000 2.000 8.000 5.000 
f4 < 67.000 5.000 3.000 7.000 0.000 5.000 9.000 9.000 9.000 2.000 4.000 2.000 5.000 8.000 5.000 2.000 4.000 7.000 2.000 10.000 7.000 8.000 4.000 0.000 10.000 7.000 2.000 1.000 9.000 10.000 4.000 10.000 10.000 4.000 3.000 5.000 1.000 9.000 7.000 10.000 9.000 3.000 1.000 10.000 4.000 0.000 2.000 5.000 10.000 2.000 10.000 8.000 2.000 6.000 10.000 8.000 10.000 2.000 8.000 6.000 7.000 4.000 3.000 4.000 7.000 0.000 9.000 6.000 8.000 2.000 1.000 5.000 3.000 10.000 6.000 6.000 10.000 3.000 5.000 0.000 9.000 0.000 7.000 10.000 8.000 10.000 7.000 5.000 9.000 8.000 3.000 5.000 10.000 6.000 6.000 10.000 8.000 0.000 7.000 7.000 2.000 3.000 8.000 4.000 6.000 6.000 6.000 10.000 6.000 8.000 2.000 7.000 9.000 6.000 1.000 1.000 0.000 4.000 7.000 5.000 4.000 
f5 < 87.000 5.000 8.000 10.000 4.000 9.000 3.000 8.000 10.000 0.000 8.000 2.000 6.000 4.000 7.000 6.000 1.000 1.000 10.000 7.000 2.000 4.000 3.000 2.000 9.000 0.000 5.000 2.000 10.000 5.000 2.000 7.000 7.000 10.000 5.000 7.000 5.000 5.000 8.000 1.000 5.000 6.000 10.000 2.000 4.000 10.000 1.000 4.000 2.000 8.000 9.000 3.000 1.000 7.000 8.000 10.000 7.000 10.000 7.000 9.000 2.000 5.000 4.000 10.000 5.000 3.000 10.000 9.000 1.000 0.000 5.000 6.000 2.000 4.000 10.000 9.000 2.000 10.000 0.000 7.000 8.000 2.000 3.000 6.000 5.000 10.000 5.000 6.000 6.000 7.000 7.000 6.000 5.000 3.000 9.000 8.000 3.000 1.000 0.000 3.000 7.000 2.000 2.000 8.000 10.000 9.000 1.000 10.000 5.000 10.000 2.000 8.000 1.000 0.000 4.000 10.000 0.000 5.000 7.000 1.000 2.000 
f6 < 39.000 7.000 8.000 5.000 3.000 8.000 8.000 7.000 2.000 3.000 2.000 1.000 10.000 3.000 0.000 5.000 9.000 7.000 1.000 10.000 3.000 1.000 1.000 5.000 10.000 3.000 10.000 4.000 10.000 4.000 8.000 3.000 8.000 7.000 4.000 1.000 0.000 0.000 4.000 5.000 5.000 2.000 8.000 8.000 9.000 9.000 8.000 0.000 4.000 4.000 6.000 7.000 2.000 6.000 4.000 3.000 9.000 2.000 1.000 3.000 10.000 5.000 10.000 0.000 6.000 10.000 5.000 5.000 4.000 5.000 7.000 10.000 3.000 3.000 8.000 2.000 5.000 1.000 9.000 7.000 8.000 3.000 10.000 9.000 0.000 4.000 4.000 4.000 7.000 9.000 2.000 2.000 10.000 10.000 10.000 7.000 1.000 6.000 1.000 9.000 2.000 7.000 8.000 4.000 9.000 5.000 8.000 4.000 7.000 1.000 6.000 9.000 10.000 5.000 7.000 4.000 4.000 7.000 4.000 2.000 9.000 
f7 < 19.000 5.000 6.000 10.000 3.000 9.000 3.000 10.000 9.000 4.000 4.000 2.000 8.000 9.000 0.000 10.000 1.000 1.000 4.000 9.000 2.000 8.000 5.000 9.000 2.000 9.000 5.000 1.000 10.000 8.000 9.000 6.000 5.000 10.000 6.000 0.000 8.000 4.000 0.000 3.000 5.000 2.000 5.000 0.000 5.000 10.000 6.000 2.000 7.000 5.000 7.000 9.000 1.000 5.000 3.000 7.000 4.000 2.000 2.000 7.000 5.000 6.000 8.000 4.000 5.000 7.000 5.000 10.000 4.000 2.000 6.000 10.000 10.000 7.000 8.000 3.000 3.000 3.000 3.000 7.000 2.000 7.000 9.000 3.000 6.000 8.000 4.000 4.000 7.000 3.000 6.000 4.000 2.000 5.000 6.000 0.000 9.000 3.000 4.000 6.000 5.000 7.000 5.000 3.000 4.000 7.000 6.000 9.000 10.000 10.000 4.000 7.000 4.000 4.000 4.000 10.000 9.000 3.000 9.000 2.000 4.000 
f8 < 98.000 9.000 3.000 5.000 4.000 8.000 3.000 2.000 0.000 5.000 8.000 1.000 9.000 4.000 6.000 0.000 9.000 6.000 5.000 7.000 0.000 7.000 4.000 10.000 9.000 7.000 9.000 8.000 2.000 2.000 6.000 6.000 9.000 10.000 6.000 9.000 6.000 0.000 4.000 1.000 6.000 8.000 5.000 5.000 2.000 7.000 2.000 8.000 4.000 1.000 9.000 0.000 9.000 10.000 10.000 9.000 5.000 10.000 10.000 0.000 6.000 7.000 6.000 1.000 6.000 7.000 5.000 4.000 8.000 10.000 1.000 0.000 4.000 5.000 6.000 4.000 5.000 6.000 7.000 6.000 1.000 8.000 10.000 2.000 3.000 4.000 1.000 8.000 7.000 4.000 5.000 5.000 10.000 9.000 9.000 4.000 6.000 9.000 5.000 2.000 8.000 0.000 8.000 9.000 8.000 10.000 3.000 8.000 1.000 9.000 2.000 3.000 5.000 0.000 8.000 4.000 10.000 10.000 6.000 8.000 0.000 
f9 < 45.000 10.000 7.000 8.000 4.000 2.000 8.000 10.000 6.000 7.000 7.000 6.000 4.000 0.000 4.000 3.000 9.000 8.000 1.000 0.000 6.000 6.000 8.000 6.000 6.000 3.000 4.000 3.000 6.000 5.000 4.000 10.000 2.000 1.000 3.000 0.000 4.000 9.000 8.000 4.000 3.000 1.000 2.000 1.000 7.000 10.000 5.000 2.000 7.000 10.000 7.000 3.000 9.000 0.000 4.000 7.000 1.000 8.000 8.000 0.000 7.000 5.000 6.000 0.000 1.000 0.000 10.000 3.000 3.000 6.000 4.000 3.000 5.000 8.000 7.000 9.000 0.000 10.000 8.000 4.000 8.000 7.000 10.000 7.000 8.000 7.000 4.000 4.000 6.000 7.000 3.000 5.000 8.000 5.000 8.000 10.000 6.000 8.000 9.000 10.000 3.000 6.000 6.000 0.000 10.000 7.000 6.000 10.000 2.000 6.000 5.000 4.000 5.000 6.000 9.000 5.000 3.000 7.000 2.000 10.000 3.000 
f10 < 76.000 6.000 4.000 7.000 6.000 1.000 5.000 9.000 9.000 10.000 7.000 7.000 6.000 1.000 4.000 10.000 5.000 10.000 6.000 4.000 2.000 5.000 1.000 0.000 2.000 6.000 9.000 6.000 5.000 6.000 10.000 6.000 7.000 4.000 10.000 2.000 7.000 4.000 3.000 3.000 5.000 7.000 10.000 7.000 4.000 6.000 8.000 7.000 10.000 6.000 1.000 2.000 7.000 2.000 0.000 8.000 1.000 5.000 9.000 9.000 7.000 3.000 0.000 9.000 2.000 2.000 0.000 5.000 6.000 5.000 1.000 10.000 4.000 3.000 10.000 3.000 1.000 7.000 10.000 5.000 9.000 5.000 0.000 1.000 9.000 2.000 2.000 6.000 1.000 2.000 8.000 10.000 1.000 7.000 1.000 5.000 1.000 0.000 3.000 6.000 2.000 7.000 6.000 5.000 8.000 7.000 5.000 9.000 8.000 1.000 3.000 4.000 3.000 9.000 9.000 1.000 4.000 10.000 4.000 3.000 8.000 
f11 < 46.000 7.000 6.000 4.000 7.000 8.000 3.000 9.000 1.000 7.000 4.000 4.000 6.000 6.000 5.000 9.000 8.000 9.000 1.000 0.000 0.000 2.000 8.000 9.000 8.000 4.000 4.000 9.000 9.000 9.000 0.000 10.000 9.000 5.000 3.000 8.000 4.000 0.000 8.000 6.000 3.000 2.000 3.000 1.000 4.000 4.000 6.000 7.000 7.000 1.000 1.000 0.000 2.000 6.000 0.000 6.000 5.000 5.000 4.000 9.000 0.000 4.000 7.000 10.000 0.000 3.000 1.000 8.000 4.000 8.000 8.000 3.000 3.000 8.000 0.000 3.000 8.000 2.000 8.000 3.000 3.000 8.000 5.000 6.000 4.000 1.000 8.000 3.000 0.000 3.000 7.000 7.000 8.000 4.000 4.000 4.000 2.000 8.000 6.000 1.000 6.000 0.000 9.000 8.000 3.000 0.000 6.000 4.000 2.000 7.000 5.000 10.000 8.000 10.000 7.000 4.000 5.000 7.000 4.000 9.000 9.000 
f12 < 26.000 4.000 7.000 0.000 2.000 10.000 7.000 3.000 10.000 8.000 1.000 5.000 2.000 6.000 0.000 1.000 9.000 4.000 6.000 7.000 7.000 0.000 6.000 8.000 4.000 1.000 1.000 3.000 4.000 7.000 4.000 2.000 0.000 0.000 7.000 7.000 10.000 5.000 1.000 2.000 3.000 4.000 4.000 0.000 10.000 3.000 10.000 1.000 7.000 5.000 3.000 4.000 6.000 8.000 7.000 0.000 10.000 3.000 7.000 10.000 10.000 3.000 0.000 6.000 9.000 4.000 8.000 6.000 10.000 4.000 10.000 0.000 7.000 7.000 2.000 7.000 5.000 7.000 4.000 2.000 5.000 6.000 7.000 7.000 10.000 10.000 3.000 5.000 6.000 7.000 6.000 7.000 4.000 9.000 1.000 6.000 10.000 1.000 10.000 3.000 2.000 9.000 2.000 4.000 7.000 6.000 7.000 5.000 7.000 1.000 7.000 7.000 0.000 5.000 5.000 10.000 6.000 0.000 5.000 1.000 0.000 
f13 < 71.000 0.000 7.000 7.000 7.000 9.000 2.000 3.000 6.000 9.000 4.000 10.000 1.000 2.000 6.000 0.000 4.000 7.000 5.000 8.000 6.000 4.000 9.000 5.000 1.000 0.000 4.000 8.000 9.000 2.000 0.000 2.000 10.000 7.000 0.000 5.000 7.000 4.000 1.000 2.000 4.000 5.000 5.000 6.000 1.000 9.000 8.000 8.000 2.000 2.000 8.000 0.000 3.000 5.000 9.000 6.000 4.000 7.000 4.000 9.000 0.000 2.000 6.000 4.000 5.000 1.000 7.000 7.000 7.000 7.000 7.000 3.000 8.000 6.000 3.000 6.000 7.000 7.000 8.000 9.000 4.000 8.000 9.000 10.000 9.000 10.000 6.000 4.000 4.000 5.000 8.000 1.000 5.000 8.000 5.000 0.000 9.000 6.000 10.000 3.000 2.000 7.000 6.000 5.000 1.000 5.000 9.000 7.000 6.000 5.000 2.000 8.000 5.000 8.000 10.000 0.000 1.000 4.000 4.000 8.000 3.000 
f14 < 18.000 5.000 7.000 4.000 2.000 2.000 8.000 5.000 0.000 0.000 8.000 2.000 2.000 4.000 9.000 10.000 6.000 4.000 8.000 10.000 2.000 10.000 7.000 8.000 6.000 10.000 4.000 5.000 6.000 10.000 0.000 4.000 7.000 3.000 9.000 9.000 2.000 9.000 10.000 6.000 10.000 2.000 8.000 1.000 0.000 10.000 8.000 10.000 9.000 9.000 0.000 9.000 4.000 10.000 9.000 2.000 3.000 9.000 7.000 1.000 3.000 4.000 10.000 10.000 5.000 7.000 7.000 1.000 8.000 0.000 3.000 3.000 5.000 3.000 2.000 8.000 7.000 0.000 0.000 4.000 1.000 6.000 1.000 8.000 6.000 10.000 3.000 1.000 10.000 10.000 10.000 1.000 2.000 9.000 0.000 4.000 10.000 10.000 5.000 6.000 3.000 5.000 2.000 5.000 9.000 2.000 0.000 8.000 9.000 0.000 1.000 7.000 1.000 0.000 8.000 0.000 3.000 5.000 9.000 3.000 9.000 
f15 < 105.000 2.000 2.000 1.000 4.000 1.000 2.000 10.000 0.000 9.000 1.000 9.000 2.000 1.000 3.000 6.000 5.000 4.000 6.000 3.000 7.000 0.000 1.000 6.000 1.000 6.000 10.000 4.000 8.000 6.000 7.000 9.000 0.000 1.000 3.000 4.000 9.000 5.000 8.000 9.000 8.000 7.000 4.000 4.000 4.000 10.000 7.000 8.000 8.000 10.000 2.000 4.000 1.000 10.000 5.000 5.000 2.000 4.000 7.000 1.000 5.000 1.000 2.000 7.000 2.000 9.000 7.000 10.000 1.000 1.000 9.000 6.000 3.000 0.000 5.000 6.000 8.000 1.000 2.000 6.000 8.000 3.000 3.000 1.000 8.000 3.000 8.000 1.000 1.000 4.000 2.000 3.000 7.000 2.000 8.000 8.000 7.000 0.000 8.000 7.000 7.000 8.000 8.000 1.000 6.000 9.000 7.000 10.000 6.000 1.000 9.000 0.000 9.000 1.000 7.000 5.000 8.000 10.000 9.000 0.000 5.000 
f16 < 73.000 2.000 10.000 0.000 7.000 5.000 2.000 5.000 1.000 4.000 0.000 3.000 2.000 8.000 7.000 9.000 3.000 2.000 2.000 5.000 3.000 6.000 9.000 4.000 2.000 6.000 10.000 9.000 8.000 7.000 5.000 3.000 10.000 10.000 10.000 7.000 3.000 1.000 8.000 7.000 4.000 3.000 10.000 2.000 10.000 1.000 9.000 2.000 1.000 6.000 0.000 5.000 2.000 8.000 3.000 10.000 10.000 8.000 10.000 8.000 8.000 1.000 3.000 5.000 2.000 7.000 3.000 9.000 9.000 1.000 10.000 4.000 9.000 2.000 1.000 9.000 3.000 5.000 7.000 7.000 2.000 1.000 3.000 8.000 10.000 10.000 2.000 0.000 6.000 6.000 2.000 0.000 8.000 10.000 7.000 6.000 8.000 4.000 9.000 5.000 4.000 0.000 8.000 2.000 3.000 1.000 6.000 7.000 9.000 1.000 7.000 0.000 8.000 0.000 1.000 8.000 5.000 6.000 7.000 2.000 8.000 
f17 < 38.000 10.000 5.000 8.000 2.000 10.000 5.000 7.000 9.000 6.000 8.000 7.000 2.000 8.000 1.000 3.000 10.000 6.000 4.000 7.000 4.000 9.000 0.000 2.000 5.000 3.000 3.000 5.000 10.000 4.000 6.000 1.000 10.000 2.000 2.000 10.000 5.000 8.000 9.000 9.000 9.000 0.000 1.000 0.000 8.000 1.000 6.000 1.000 2.000 3.000 7.000 10.000 0.000 7.000 5.000 1.000 3.000 6.000 5.000 5.000 1.000 9.000 10.000 9.000 10.000 8.000 0.000 0.000 3.000 3.000 0.000 6.000 1.000 9.000 10.000 5.000 2.000 6.000 6.000 8.000 5.000 5.000 2.000 4.000 1.000 5.000 0.000 5.000 2.000 9.000 2.000 5.000 1.000 0.000 5.000 1.000 10.000 4.000 10.000 3.000 9.000 2.000 7.000 4.000 1.000 5.000 4.000 6.000 8.000 1.000 6.000 2.000 1.000 8.000 6.000 2.000 2.000 0.000 4.000 7.000 4.000 
f18 < 60.000 8.000 5.000 1.000 8.000 2.000 8.000 1.000 5.000 0.000 3.000 5.000 8.000 5.000 9.000 5.000 4.000 0.000 4.000 1.000 4.000 6.000 0.000 2.000 5.000 9.000 10.000 5.000 8.000 3.000 3.000 8.000 4.000 0.000 0.000 3.000 6.000 10.000 10.000 8.000 5.000 8.000 9.000 8.000 3.000 10.000 6.000 10.000 6.000 10.000 9.000 8.000 3.000 1.000 7.000 10.000 9.000 1.000 4.000 8.000 0.000 6.000 7.000 1.000 10.000 8.000 9.000 0.000 5.000 9.000 8.000 5.000 4.000 2.000 3.000 8.000 7.000 0.000 9.000 8.000 3.000 5.000 6.000 3.000 4.000 9.000 4.000 5.000 1.000 5.000 1.000 4.000 0.000 8.000 1.000 2.000 2.000 0.000 3.000 8.000 5.000 2.000 5.000 2.000 2.000 10.000 2.000 10.000 3.000 3.000 6.000 5.000 9.000 3.000 2.000 10.000 6.000 8.000 9.000 7.000 2.000 
f19 < 80.000 2.000 5.000 2.000 0.000 7.000 4.000 6.000 2.000 8.000 2.000 0.000 5.000 0.000 9.000 2.000 10.000 4.000 9.000 10.000 6.000 7.000 3.000 3.000 2.000 4.000 8.000 9.000 5.000 0.000 7.000 9.000 6.000 9.000 3.000 7.000 0.000 9.000 10.000 4.000 6.000 0.000 7.000 9.000 1.000 6.000 0.000 2.000 5.000 7.000 8.000 5.000 5.000 9.000 8.000 9.000 10.000 4.000 1.000 6.000 10.000 1.000 2.000 8.000 6.000 0.000 0.000 0.000 0.000 7.000 8.000 7.000 6.000 0.000 0.000 10.000 7.000 6.000 5.000 10.000 1.000 2.000 5.000 9.000 4.000 3.000 1.000 6.000 10.000 1.000 1.000 10.000 6.000 1.000 3.000 10.000 7.000 5.000 8.000 10.000 9.000 8.000 2.000 7.000 1.000 6.000 7.000 0.000 8.000 8.000 4.000 0.000 3.000 10.000 0.000 6.000 10.000 3.000 1.000 6.000 1.000 
f20 < 90.000 1.000 1.000 6.000 0.000 4.000 6.000 3.000 0.000 5.000 8.000 5.000 0.000 6.000 8.000 0.000 5.000 4.000 8.000 0.000 8.000 7.000 4.000 3.000 1.000 2.000 10.000 1.000 8.000 4.000 6.000 2.000 8.000 7.000 3.000 8.000 8.000 1.000 4.000 1.000 8.000 3.000 4.000 4.000 10.000 6.000 6.000 2.000 10.000 1.000 6.000 3.000 3.000 0.000 10.000 0.000 3.000 3.000 4.000 8.000 4.000 6.000 6.000 10.000 6.000 6.000 10.000 3.000 2.000 10.000 0.000 10.000 2.000 9.000 10.000 6.000 10.000 3.000 9.000 7.000 6.000 6.000 2.000 5.000 10.000 10.000 0.000 0.000 1.000 8.000 8.000 8.000 7.000 0.000 10.000 8.000 2.000 0.000 4.000 4.000 6.000 2.000 2.000 2.000 2.000 2.000 0.000 2.000 2.000 10.000 8.000 6.000 7.000 10.000 10.000 9.000 1.000 3.000 1.000 1.000 3.000 
f21 < 61.000 10.000 1.000 7.000 10.000 8.000 1.000 1.000 3.000 3.000 1.000 7.000 0.000 10.000 10.000 10.000 4.000 1.000 4.000 2.000 6.000 4.000 3.000 4.000 7.000 0.000 6.000 1.000 10.000 9.000 7.000 7.000 0.000 1.000 6.000 2.000 2.000 0.000 3.000 10.000 2.000 3.000 1.000 4.000 9.000 7.000 9.000 4.000 8.000 2.000 2.000 9.000 9.000 7.000 7.000 8.000 2.000 2.000 8.000 10.000 1.000 5.000 3.000 8.000 6.000 7.000 3.000 1.000 3.000 8.000 5.000 3.000 5.000 1.000 2.000 5.000 6.000 0.000 1.000 7.000 0.000 2.000 10.000 1.000 1.000 5.000 4.000 8.000 8.000 4.000 2.000 1.000 8.000 9.000 5.000 8.000 7.000 8.000 8.000 2.000 9.000 9.000 6.000 1.000 1.000 8.000 7.000 8.000 9.000 4.000 0.000 7.000 5.000 10.000 4.000 0.000 6.000 5.000 1.000 7.000 3.000 
f22 < 18.000 7.000 7.000 2.000 7.000 6.000 7.000 9.000 1.000 5.000 2.000 4.000 7.000 5.000 4.000 5.000 7.000 8.000 1.000 5.000 7.000 1.000 7.000 5.000 10.000 1.000 4.000 1.000 2.000 7.000 6.000 5.000 9.000 1.000 6.000 6.000 2.000 6.000 8.000 6.000 4.000 5.000 0.000 4.000 7.000 10.000 4.000 10.000 2.000 8.000 10.000 0.000 1.000 4.000 5.000 3.000 5.000 5.000 4.000 7.000 9.000 9.000 0.000 8.000 3.000 0.000 2.000 0.000 0.000 0.000 7.000 5.000 8.000 8.000 0.000 9.000 5.000 4.000 2.000 2.000 2.000 0.000 10.000 3.000 8.000 5.000 9.000 7.000 3.000 4.000 0.000 3.000 7.000 5.000 5.000 6.000 8.000 3.000 0.000 7.000 0.000 10.000 8.000 0.000 3.000 10.000 7.000 5.000 6.000 10.000 4.000 3.000 8.000 4.000 10.000 7.000 7.000 6.000 3.000 0.000 4.000 
f23 < 77.000 5.000 9.000 4.000 10.000 4.000 3.000 7.000 9.000 8.000 8.000 2.000 1.000 5.000 7.000 1.000 9.000 3.000 5.000 6.000 6.000 1.000 2.000 9.000 7.000 5.000 4.000 7.000 10.000 10.000 4.000 9.000 1.000 9.000 7.000 0.000 8.000 1.000 10.000 3.000 8.000 1.000 4.000 3.000 2.000 8.000 3.000 2.000 0.000 6.000 9.000 2.000 0.000 0.000 5.000 0.000 6.000 6.000 6.000 8.000 9.000 10.000 9.000 6.000 9.000 5.000 4.000 10.000 4.000 10.000 0.000 7.000 8.000 7.000 1.000 8.000 6.000 1.000 9.000 9.000 10.000 3.000 2.000 0.000 5.000 2.000 1.000 6.000 1.000 1.000 2.000 6.000 5.000 5.000 3.000 7.000 4.000 5.000 0.000 1.000 4.000 6.000 6.000 8.000 7.000 4.000 0.000 9.000 4.000 7.000 6.000 7.000 2.000 2.000 4.000 2.000 7.000 7.000 8.000 1.000 0.000 
