10 4 -332.222 140.000
10 4 -180.000 -0.000
x0 0.000 10.000 -22.000 I
x1 0.000 10.000 39.000 I
x2 0.000 10.000 39.000 I
x3 0.000 10.000 -14.000 I
x4 0.000 10.000 17.000 I
x5 0.000 10.000 -16.000 I
x6 0.000 10.000 -25.000 I
x7 0.000 10.000 -8.000 I
x8 0.000 10.000 -24.000 I
x9 0.000 10.000 27.000 I
y0 0.000 inf -24.000 0.000 C
y1 0.000 inf -48.000 42.000 C
y2 0.000 inf -37.000 -27.000 C
y3 0.000 inf 42.000 30.000 C
y4 0.000 inf 13.000 11.000 C
y5 0.000 inf 13.000 -5.000 C
y6 0.000 inf -19.000 27.000 C
y7 0.000 inf -10.000 -14.000 C
y8 0.000 inf -29.000 0.000 C
y9 0.000 inf 13.000 35.000 C
l0 < 35.000 0.000 9.000 10.000 9.000 6.000 3.000 1.000 0.000 7.000 1.000 
l1 < 47.000 6.000 10.000 6.000 5.000 6.000 0.000 2.000 6.000 5.000 5.000 
l2 < 96.000 7.000 8.000 0.000 9.000 0.000 5.000 1.000 3.000 5.000 9.000 
l3 < 63.000 8.000 6.000 1.000 2.000 6.000 2.000 2.000 5.000 4.000 9.000 
f0 < 20.000 9.000 7.000 5.000 1.000 3.000 7.000 8.000 6.000 9.000 4.000 1.000 10.000 3.000 6.000 9.000 3.000 0.000 8.000 7.000 8.000 
f1 < 22.000 1.000 10.000 8.000 3.000 1.000 5.000 8.000 3.000 0.000 0.000 3.000 3.000 0.000 0.000 5.000 3.000 7.000 7.000 6.000 3.000 
f2 < 65.000 10.000 3.000 9.000 0.000 2.000 10.000 6.000 1.000 2.000 9.000 5.000 3.000 5.000 0.000 1.000 8.000 6.000 8.000 4.000 6.000 
f3 < 59.000 5.000 4.000 1.000 5.000 9.000 1.000 2.000 2.000 0.000 2.000 1.000 0.000 8.000 8.000 9.000 0.000 5.000 3.000 0.000 8.000 
