10 4 -448.800 366.167
10 4 -180.464 -0.000
x0 0.000 10.000 -20.000 I
x1 0.000 10.000 -45.000 I
x2 0.000 10.000 -29.000 I
x3 0.000 10.000 -21.000 I
x4 0.000 10.000 39.000 I
x5 0.000 10.000 11.000 I
x6 0.000 10.000 -9.000 I
x7 0.000 10.000 4.000 I
x8 0.000 10.000 45.000 I
x9 0.000 10.000 27.000 I
y0 0.000 inf -34.000 -10.000 C
y1 0.000 inf 49.000 45.000 C
y2 0.000 inf -37.000 45.000 C
y3 0.000 inf 43.000 35.000 C
y4 0.000 inf -17.000 49.000 C
y5 0.000 inf 0.000 7.000 C
y6 0.000 inf 28.000 -34.000 C
y7 0.000 inf -7.000 -12.000 C
y8 0.000 inf 38.000 -2.000 C
y9 0.000 inf -17.000 -37.000 C
l0 < 42.000 10.000 10.000 5.000 5.000 5.000 7.000 3.000 8.000 10.000 0.000 
l1 < 71.000 8.000 7.000 6.000 7.000 3.000 1.000 10.000 9.000 6.000 4.000 
l2 < 57.000 3.000 9.000 2.000 3.000 8.000 0.000 10.000 6.000 8.000 7.000 
l3 < 102.000 5.000 4.000 8.000 1.000 8.000 6.000 3.000 9.000 6.000 5.000 
f0 < 62.000 3.000 5.000 6.000 9.000 4.000 3.000 6.000 5.000 4.000 0.000 0.000 6.000 10.000 4.000 0.000 6.000 2.000 5.000 2.000 6.000 
f1 < 66.000 9.000 7.000 3.000 7.000 4.000 2.000 6.000 7.000 9.000 1.000 5.000 9.000 6.000 5.000 4.000 9.000 2.000 6.000 4.000 7.000 
f2 < 25.000 9.000 9.000 5.000 0.000 1.000 3.000 4.000 10.000 1.000 3.000 1.000 10.000 5.000 0.000 9.000 9.000 9.000 9.000 4.000 7.000 
f3 < 66.000 4.000 6.000 7.000 7.000 8.000 4.000 4.000 7.000 0.000 3.000 1.000 6.000 3.000 9.000 4.000 10.000 6.000 5.000 10.000 3.000 
